100
0 2375 6019 5483 3299 9015 6296 7294 8779 7665 6304 125 7199 2681 7887 5887 5300 3307 8234 3138 8442 799 5828 5968 3911 3144 3819 5206 9139 3718 6723 4509 3857 8756 4696 2610 3204 1196 32 604 2777 9032 427 6884 8893 1771 2966 8295 4537 7327 5398 2939 737 594 511 1941 9387 1799 4346 5071 7263 1420 2477 7552 6412 4952 8425 1594 6533 8319 9318 4302 7747 840 3441 8740 8480 3099 9219 2518 2469 9514 3010 2184 2429 429 5039 3354 5321 4292 4617 549 6024 3929 2262 8021 7364 9912 6388 8018 8839 2504 9670 9744 5611 951 6716 7568 7520 614
1 2830 1850 6560 5285 2520 6613 3863 1656 7108 2756 9796 4781 7783 1048 4291 2602 8179 2496 4594 6214 811 6774 693 3682 212 4105 7840 7551 2701 9331 1436 5856 3724 5479 3842 3729 8928 943 7571 7390 8411 141 3057 7044 4882 3814 2785 5145 8660 2113 4018 7546 58 8005 4480 5957 6868 6986 4729 1198 9156 8639 9474 314 7426 629 8710 9284 4840 9536 5944 3153 7201 5725 4205 6093 1914 3534 9103 6481 5329 1694 1818 3765 2273 7837 1339 9648 601 2524 1259 7019 7779 9745 8212 4759 6572 4306 2901 3411 6528 7762 492
2 7659 7925 6399 9271 1782 2992 1314 3156 5846 4756 7217 1271 1527 4165 7163 4477 1609 3383 3579 4318 6203 4726 1999 9742 6862 6985 7395 1427 3330 6261 7740 2048 715 6370 3475 7868 2761 6931 1067 2472 3032 1701 1014 2532 1356 6744 4176 7039 957 3281 8173 6646 8178 593 4878 409 4585 4355 5609 1167 1840 987 852 1649 6605 2422 3326 9049 4281 8620 2747 3128 9616 116 4782 2225 3446 3313 7318 1932 188 2402 2906 7349 5370 3883 2282 5485 2412 6683 2831 2741 2742 6410 3203 5413 3594 9443 985
3 17 1897 2912 3227 7677 8801 272 6283 606 8794 5826 6563 9353 3257 9761 7977 9817 1218 5260 3199 8828 3198 9622 819 7814 9277 643 5864 2644 7999 5452 580 4954 4321 5215 3133 6459 5123 1994 9379 3757 6958 2718 3393 8409 4015 2619 8267 5602 7354 4733 4393 771 4115 8678 998 5879 5997 3369 4365 6711 7383 43 7126 3539 9274 7343 187 2828 8418 9371 650 7504 993 8165 1542 1123 6150 30 9708 7078 7454 5163 9118 4054 8953 9327 5254 8747 5591 5158 7739 263 1459 6700 8020 6898 4801 6204 3245 918
4 3564 9784 6867 1146 4295 1284 3282 9388 9516 1966 7956 5829 1902 4995 53 995 2838 5902 1936 4030 7994 6920 9186 2139 8169 9372 6074 7775 3865 7047 3474 1552 5906 9310 5099 7082 7697 9893 2394 9238 3922 4679 9702 4326 1455 1702 6244 4521 5237 2356 8233 8481 3499 3177 5470 2886 6777 1927 6715 9900 3066 1804 6657 2083 8650 6499 2811 2062 3792 5841 5441 8247 7478 984 5002 8402 525 2952 932 800 9406 8058 9923 7765 7234 66 6243 3856 420 7637 9209 835 5696 8574 2105 5670 9706 2856 9520
5 2996 868 7323 3694 730 7120 8727 5354 7965 9960 990 8228 7791 6872 8954 2467 4565 364 3609 2307 7842 751 6596 7511 8515 9437 2077 4109 2296 9357 8929 804 8448 6152 6341 3972 4157 9016 7741 1642 8859 3240 3790 4813 78 1169 9382 5818 9455 8818 7585 1776 507 8793 3638 867 559 121 7425 1120 7046 7857 857 4258 2119 6491 5527 9138 1336 4282 5935 8387 8668 401 4754 6367 8271 6365 1028 5068 8784 4373 8917 4119 4342 6692 4927 562 5236 6071 425 4479 5516 6247 180 659
6 5739 5992 9918 1791 2987 5461 566 6503 5381 6251 841 4570 3700 1369 2746 1304 9522 3272 8634 1405 4976 7095 5023 7666 623 797 228 7064 288 4698 9454 2014 6053 4273 2427 1577 7599 1829 3794 5694 8317 1021 874 3042 9857 9024 5665 6979 4376 4596 6611 8057 2436 7335 9824 1921 2293 1951 763 1942 9181 726 5109 1081 2466 4323 5578 8933 3436 7465 8108 6606 7456 582 2958 4408 6090 7978 5088 4966 1984 2911 4683 6886 8086 4412 1862 1499 4448 5911
7 5878 8671 4099 9044 7174 9057 4810 9727 9400 2484 8680 5352 3943 539 6354 2245 8973 6292 4579 3544 8501 2261 2891 5054 6919 5843 509 4252 5628 1004 7517 7094 2260 4899 4530 98 7258 8262 3907 3109 6284 1475 9974 6510 7763 9312 9003 318 6691 3259 1188 5830 2405 9809 2839 8101 4822 6065 4497 7628 1039 9023 7816 8164 2773 574 7617 6764 7124 1171 8800 351 8220 1845 2111 8876 2857 9086 5496 6507 2321 9089 6940 1095 7564 6312 2727 8254 576 8853 8313 5122 6326 4535 4906 651
8 9294 6519 5901 2079 4970 2046 5334 7566 6291 4489 5176 8381 6592 478 6092 8932 3852 191 3210 6160 8613 4361 13 7990 3919 1484 8214 7639 2318 2946 7446 7471 3327 7852 7525 496 1658 6863 4104 2844 9859 2327 2498 6929 5976 8997 9835 9869 2207 7440 2560 6846 365 6922 6425 387 1335 3858 9208 1566 4210 2623 1173 3094 6287 1399 9699 5 9100 3406 7684 9976 7355 9623 9259 8321 7764 902 9075 8078 6040 4883 1628 5338 1240 9972 6382 6952 4256 3728 5900 703 8581 1623 4856 8148 8739 8022 8850 4077 6227 326 4873 9752 7851
9 634 9107 4245 612 4014 7053 4897 2977 2959 1886 871 2973 8227 910 1654 8232 3722 9102 8014 1604 6390 1098 673 4513 8754 357 637 6732 3457 8422 6768 3642 8188 1989 4197 2632 4475 8427 2567 5819 451 9201 7048 8809 3395 7473 8428 3749 5540 7338 882 4950 294 489 7436 9493 6934 1152 8483 5188 8718 7608 3092 3214 3306 7879 1587 8314 7701 3773 1381 8452 1908 8569 9741 9638 9686 6401 7560 4715 3583 3101 1537 5990 5139 5734 6230 9066 2858 9106 9547 3664 5733 3003 5811 1111 3725 2806 6809 2348 5566 148 213 5467 4263
10 1291 7713 2679 2140 7885 2066 309 3359 6494 3054 2900 3637 9485 7937 5219 6935 4287 7818 7537 7975 6771 6106 8570 3674 4159 2730 3463 2663 6680 2446 3051 9214 1633 9246 6906 4506 4060 4648 4656 7620 2338 7907 6628 7952 7180 6144 7518 3064 8122 9551 8033 2045 9639 1807 9295 6778 4629 4664 2551 1002 416 4251 1222 6385 4527 575 8774 6391 4573 1747 3523 9973 2259 2197 3269 7501 3363 5305 3483 776 4872 4933 2401 5726 3595 3400 5061 6822 2090 6996 3223 3486 3949 5800 4112 2193 4571 2215 1906 8743 6380 2071 4660 7853 2249 9037 7866
11 9119 7032 1376 6674 8257 436 9568 5106 8469 5222 3254 9749 134 3824 5202 2464 8846 5601 3762 7838 2616 1191 1728 2853 9715 270 5814 5040 6869 112 5815 7297 5012 5101 2460 9548 2181 8037 3421 9573 7928 8079 6796 3273 4624 7307 7000 5392 1379 8969 8979 9902 6422 25 7433 6754 7123 7699 3018 2892 1698 754 5729 4392 5786 3251 3465 5179 1676 300 9193 2676 4560 922 6072 8041 4400 7890 4037 7549 271 1275 1202 2986 4685 4542 5038 8190 8434 8176 8053 6089 7941 8069 2800 6426 5624 3413 1342
12 8259 4611 7016 5210 5248 3511 8615 1768 9580 2252 9482 3777 877 6329 3118 2591 5041 4253 3866 6377 3875 5812 4972 1797 1968 5355 3608 1270 4774 7167 803 5208 7558 1449 5872 5673 8404 2018 4310 5005 3021 5341 9945 5289 5242 4670 1730 6416 8438 2343 6167 4677 7005 9093 8742 9815 9137 4046 6419 9874 635 7186 9464 5723 7195 9364 5788 3341 3065 5429 5256 6874 8700 50 4844 1431 6403 1368 7067 204 1664 7303 5630 464 6311 7285 3557 4671 5877 7463 7287 1156 9962 1442 2855 6890 1223 3516 4967 7068 184 7292 8 2700
13 305 1124 6145 9354 2710 2052 1732 7370 6983 9840 2749 8520 4487 753 1031 5468 1929 5177 2792 1425 4930 9628 9094 6745 2304 8537 909 1880 7729 455 3828 3468 670 8651 101 6041 9867 7671 5181 6168 7147 9882 7320 8468 5600 7382 9579 2161 3316 4113 6976 4964 3881 9617 2552 7085 3161 6571 5207 4279 3211 475 6003 1075 3150 9958 9531 533 9500 6435 1358 4708 3342 5093 2364 2864 8786 8039 3676 8339 2049 2302 4465 9916 1825 4221 1013 4162 5698 6599 9704 1294
14 5535 4646 4330 241 177 5069 4602 303 366 3232 5722 2784 9248 9098 8502 7506 4960 5035 9091 3290 4438 2084 7944 9422 4848 4896 5789 8568 3315 7641 8420 6696 9807 1094 9556 4944 5840 6779 695 2383 2085 2995 9498 4647 869 7076 8736 6896 6479 3568 3571 5021 6878 6965 891 5962 7656 1844 641 3008 2795 6960 8854 1843 6660 37 2648 1163 3115 4456 2156 1910 5924 6039 1288 3070 8767 9069 2204 5466 1934 1724 4418 748 9369 6271 1242 8336 3930 7375 5080 7577 5606 7144 2241 2150
15 3371 8249 2840 5629 2538 7924 2650 1465 6337 7179 2317 7133 6843 319 2661 2723 7798 9471 3502 6386 5484 402 3798 1742 2683 4667 8508 8752 2948 9178 5458 433 9707 4540 5006 6775 3601 6371 1626 2035 2905 3385 9886 4191 2244 391 4247 1193 3033 5871 7722 6415 6879 3527 342 145 4453 522 3586 7488 8763 4319 8500 6238 5347 3417 4139 4470 1143 7523 4202 3213 7913 7731 729 5358 3522 2424 7181 7505 5316 3145 4644 6887 9042 5738 7489 6127 7096 6995 3456 3460 9070 1961 2213 1340 3435 4997 8707 9722 9051 5937 5286 1622 9767 9858
16 1866 3921 8506 3847 7894 1751 8730 7806 7200 5765 8218 8938 1811 9629 9286 9892 8857 4996 2074 8042 1278 5716 5391 5359 1643 8366 8878 5618 5016 2554 865 1667 5736 2164 888 1549 7735 2957 2246 4436 3803 5475 9603 4237 3558 9879 9631 9615 1873 6285 1451 1957 2588 6321 5850 9542 4203 7955 1137 5196 4963 1865 901 9063 6228 1816 9433 6550 1101 8281 3374 1057 6848 8245 5097 3439 329 9990 773 8139 1214 6941 3012 4085 2542 4751 8698 3717 5620 1923 259 8513 3073 5495 6205 8202 7570 7036 2043 9252
17 7794 3810 2217 1119 394 6468 5402 8533 8217 9233 3297 4212 403 6130 6924 4020 3107 2635 2898 4431 2985 5456 1679 1012 9647 8551 5608 7328 7976 8643 6001 2154 4898 3288 1038 8994 6411 2731 3733 941 4459 8400 5953 8285 9762 2606 7905 4325 6955 7417 3466 4384 2916 7832 5925 6795 4389 3606 5755 2529 6096 666 1403 590 9065 6789 3598 8024 5148 1777 6492 8941 7793 5613 4760 4001 2622 7831 5576 5432 3120 2100 3572 2781 8284 3691 7066 1687 3477 1881 3591 9029 3196 7689 8592 3036 4610 9851
18 2108 8686 847 9320 6088 5743 7970 1690 4379 248 1025 9949 2775 4261 2907 2483 4189 6515 287 5400 2827 9395 9910 2219 8175 9033 3677 1598 2824 4654 8714 9993 7515 7209 3188 5149 2180 9608 4749 9078 501 6320 3353 3129 4776 9510 208 2942 7377 9876 7394 8219 388 1172 230 8126 4449 9365 4348 9068 4820 5150 1105 94 9588 4231 2767 198 9376 2258 1686 2475 2953 1723 1311 3085 5662 486 8066 9343 7058 2486 4907 2060 6654 4023 7230 9582 7101 1212 3867 8248 9760 8789 7929 4344 7755 5171
19 3286 6670 8192 7669 7332 921 6582 2123 3403 1801 2850 3879 5056 7315 3181 8133 4313 3890 2499 5767 928 3044 4623 5271 2889 8302 9018 4332 6249 6358 4493 6525 5228 2653 9687 4529 564 1525 9712 6832 745 8306 926 7476 7627 5545 2670 7136 8906 2537 4317 3125 4932 5379 8094 9153 8240 3628 8174 1199 876 886 4378 1176 3127 1663 516 8842 304 8914 7122 6936 7607 5595 195 4520 8862 9105 9649 7693 1113 9587 1738 2794 6022 3877 8687 5952 1753 6063 2582 6389 5633 8068 8512 806
20 7923 7428 8150 5192 6844 7899 9043 2127 6430 618 1073 9953 2022 578 6245 5570 8485 4694 7376 4505 6157 3025 7914 7149 8540 8830 6870 28 9211 3685 8761 6905 6349 2238 558 5522 8978 9229 2454 8276 9535 2614 7413 4044 7103 2257 8497 8810 4581 8552 685 9472 6977 317 8804 2869 8776 8340 2543 8439 8965 3975 1357 7295 2799 736 5032 453 8976 7070 7972 3825 5493 6508 8450 1266 2316 8983 7464 9625 4354 1506 3774 9322 2769 7309 8672 8858 6451 2938 9739 4047 6717 4770 3940 8236 5147 1836 2713 2525 7824
21 6037 6825 5308 3019 8975 929 6708 2478 7510 6858 2893 4974 722 6556 7344 4861 3851 3711 4242 6434 808 6433 6155 115 7434 6060 6638 2630 1018 5749 4739 8664 6423 5133 8272 2774 6115 337 9308 4969 4052 8185 4366 8530 4059 2989 7687 9661 8873 8159 5544 1345 2955 527 5062 7293 4953 2918 6465 82 2894 4684 6701 9494 1875 9434 5488 5199 4404 4806 3966 8550 8356 949 7918 4706 4160 4710 6485 171 3689 9250 7561 721 5683 7636 96 9403 5744 1128 2541 3806 8265 5173 9634 2174
22 7148 3512 6383 3379 7811 8799 6535 6231 5627 3237 1502 3082 4942 4832 5961 4712 6017 2555 8894 2752 8401 8590 3248 5640 7495 1140 9326 6942 3024 5646 3420 4797 4268 7819 2342 1551 8388 5111 556 814 970 9342 4350 2448 424 4363 3438 2388 3291 6794 662 1338 2743 9778 584 2487 4208 1307 966 1769 4164 3961 859 8030 6225 8766 1296 3058 5376 6542 2695 114 9001 938 1572 8412 2652 5328 6802 162 5235 4913 6469 3660 2786 157 5420 2873 9380 3684 1349 6489 8303 4814 9800 8658 9737 7655 7443 143 4013 8447 8679 1360 1009 2930 5942 5681 4722 4290 8587 3548 7787 5904
23 6031 925 8688 9998 7162 534 3319 8211 7964 6333 1802 2947 5089 7110 9440 3542 9917 529 8562 6579 1956 2599 3262 2721 4547 2665 16 3444 7116 396 8197 1673 3566 9711 9930 2878 8572 1066 1891 9988 873 8868 2590 6079 6336 7387 5780 1316 8001 292 4508 4296 1946 6573 8792 100 1481 2462 6413 3699 1406 2400 5742 6149 5979 3088 581 5684 4716 5209 4356 5571 8682 5638 2020 2937 5643 4986 9251 3622 2964 3195 6734 1080 6189 7216 4288 6369 1457 2363 9468 6559 7761 863 4435 9159 805 9780 5043 7799
24 8548 609 5361 104 3994 2367 8465 6703 118 2393 9751 2000 491 4494 6162 2971 9429 7396 9746 1871 2667 1033 6428 8325 458 8833 6728 9989 3086 7540 5443 5702 5065 1414 843 5880 8890 7931 3712 4127 6352 7545 4673 6350 3246 9222 3445 8282 8391 8147 7367 5125 258 2406 7160 5151 3611 1155 1393 9524 9786 1765 4272 7031 9550 6895 8389 2848 197 8186 9287 2024 5538 9651 9230 1353 9169 6360 9220 2476 8077 9424 2370 895 242 9626 6455 6549 4682 2034 4445 1666 8851 5995 9026 7098 9697 3437 3831 1839 8586 9771
25 7650 54 155 1060 2155 1867 9558 9368 8205 5227 4977 2639 9909 2189 7880 6956 9450 1204 6445 7703 6889 661 3422 1786 9783 8995 3668 1428 512 4086 5414 8519 7674 3641 2463 9790 8346 2013 837 4428 7193 1930 7185 2439 8436 1647 749 7934 4320 913 1166 4902 9754 9373 4179 7499 3376 4582 8683 1489 6018 8131 6647 3665 2897 8947 9738 2295 3705 9728 5450 7322 7314 9553 2768 6912 4613 8559 9601 9954 8167 4340 7176 742 8046 3238 289 1116 2603 8491 779 3381 1544 1870 8963 2962 6021 3549 8705 9298 6962 6028
26 1446 3743 9170 9624 9171 9503 4773 9175 9774 4599 5876 5407 2346 5387 1138 4853 9328 109 1371 8396 377 2011 5141 9452 9058 1608 7790 8300 9928 6505 7781 6648 3268 5369 4359 5313 4574 1674 9890 176 21 9561 252 2373 5832 8191 9269 1157 4097 4419 4305 9194 2287 6081 2604 3797 6217 2717 5929 7397 8251 1981 8874 7034 7361 8258 7400 9541 1729 7100 2812 1129 431 1006 708 71 1355 6841 9853 3004 3836 399 8397 7889 3485 8135 9539 9291 6829 7946 2152 1321 4216 5604 853 6947
27 4658 9478 5274 4239 9245 2073 6187 6307 8243 4775 9630 3604 2655 1931 8464 2386 7252 4737 7468 1756 97 6266 551 6618 5792 2574 220 4550 8673 9597 6587 8309 5356 3605 7223 8935 4681 9370 9659 2354 9931 5323 3833 8640 2461 9481 1512 2879 2016 1579 6443 9517 6513 6309 6883 1505 2738 8421 1474 5090 4958 3903 8142 9971 7218 8451 1815 7980 818 1938 8348 306 7450 3433 334 8617 9366 9341 6852 4315 4965 4114 6557 7017 8892 9174 9002 3029 3861 6718 5970 6237 8299 1017 9469 3157 5713 4347 8399 4048 5388 8632
28 1418 7242 4657 2216 5442 1127 3182 6697 720 9261 7891 955 5771 8656 9401 845 7091 5797 2093 4168 9404 463 7080 8940 182 2300 9700 1563 1681 879 215 7280 1744 8543 6340 9381 4789 5709 4352 948 3166 2130 8417 1614 7513 7694 1758 7916 474 6248 1761 4021 7695 2116 8323 757 5686 5489 9054 9578 3926 9028 5653 5568 9755 4125 3783 9418 9888 8382 4919 6799 669 6438 822 5706 1380 3955 1409 2027 9123 8675 8054 577 4758 3277 5548 6300 8645 7536 9676
29 7115 8652 9814 5277 7106 9129 5200 5230 4387 3671 4633 8096 255 9507 1209 4652 1675 8250 1612 7467 9097 3800 883 2291 1630 3533 6759 4262 5212 831 5000 923 6669 1589 3337 6766 2539 5497 5350 4713 1596 9389 7827 1478 5490 131 7089 1391 8445 2320 7104 9264 6643 3546 4089 1877 9226 3602 1079 1958 4451 8514 714 9321 5822 4405 5614 1739 1898 5741 1569 1787 7272 1320 834 5446 7359 5114 7556 1823 5365 6917 3328 9999 5587 3986 2926 3893 723 3078 5500 9391 3431 6255 7140 4367 2220 8703 547 4402
30 5437 658 3766 9795 7605 2833 2135 1154 4183 7844 8772 2586 81 5397 7274 4748 7055 9438 8287 4691 9992 3837 6070 6409 1772 7730 9499 7151 261 1043 3513 2945 421 6724 3618 3561 1277 3781 397 2368 3497 8636 889 1040 8458 3997 9383 6855 8867 6259 4129 4904 2330 3719 1299 6659 69 6406 5988 2369 1215 2636 9393 8195 3655 7616 5079 2675 3782 52 8392 5565 1691 7427 7555 2191 5345 9845 8944 2053 1689 6314 2447 1775 6190 7213 229 5978 7084 1070 6059 7859 7724 6310 8050 9994 8783 9111 9593 6192 514 7317
31 6338 2983 1071 9158 900 9921 1192 5251 488 8631 5487 6444 9906 6257 269 6537 6709 8936 2323 6531 7563 2057 9571 1889 244 5714 7330 7449 8604 5144 6901 9021 6854 8255 8653 2927 9925 8095 7170 5530 6927 3507 4795 19 9187 7709 1821 1161 9710 3398 3772 8547 692 6049 3646 5070 8289 4990 8984 5617 5951 7647 2513 84 1252 6441 6803 327 5132 5783 8394 7982 8063 4334 5459 2067 9718 8371 6602 9614 3322 3135 758 9904 4561 363 136 5691 3293 5383 9671 7412 9067 8435 5135 369 7445 3097 6274
32 9591 419 1065 2098 7672 477 2976 5844 1561 2709 6158 6009 9565 6119 3944 7993 1132 4368 9428 6831 3448 3952 4011 7828 4257 9459 9204 9914 1762 8476 5642 70 1764 4175 7576 931 4721 2392 5865 9903 7391 4880 9223 6875 9182 6608 9693 9453 2490 3978 5299 2563 9355 9656 2621 4153 2684 3343 5532 3478 9397 4549 2860 6913 428 2809 120 2104 6085 6234 4842 4372 6729 975 3295 7214 9396 8958 1178 7366 1773 2178 6170 9675 9598 5077 405 1300 144 2087 1878 8573 7675 3979 9562 7770 3408 3526 4455 1858 7532 2192 2407 6374
33 8646 7742 149 4147 1411 8674 5994 3308 8959 5923 752 2868 4143 1408 6226 7754 447 1312 9969 4136 5569 9188 1443 8544 7022 153 3969 6357 282 7679 2790 445 1657 5550 1711 7134 4062 7241 6733 2299 8487 3450 1392 5292 3080 8062 9694 4058 5837 4224 4032 2109 3696 9872 384 9995 7988 2493 9875 2455 4200 1236 5807 8182 6684 2294 4196 5577 8311 1000 4761 8821 8273 6197 7640 8170 9905 8781 3951 7660 9501 6810 7301 6076 6151 457 1470 3423 5998 2919 315 617 7858 3304 2589 4229 45 8554 4744 1253 6737 8561 6272 8960 6137 2570
34 392 6738 2755 9473 5917 5102 462 5784 1959 4857 8040 5721 4794 1058 6823 4235 7346 7441 5137 1810 2941 9946 3639 8338 6405 8324 9073 3578 9977 7796 2765 6439 625 8446 3414 3709 8241 4031 3396 4123 6994 412 1546 9392 717 6084 4949 9362 6303 4016 6824 1677 9232 3261 6235 4689 1305 6325 8090 6548 8155 4705 3122 9511 139 9801 8393 2633 8466 3324 4227 1329 2440 8877 6417 1388 4973 9031 5848 4482 5546 6982 2990 2716 6319 6714 7676 9460 1216 7363 217 6496 8909 2600 5422 6398 3746 733 2221 5930 5520 6894 7807 156 5427 2360 6436 3467 5504 4152 7877 8560
35 4968 7690 785 6617 2141 6301 2158 330 2118 2237 2 3882 479 8596 40 4314 3985 178 9979 5110 5555 5883 2674 7206 7582 8695 1688 5060 2625 3992 9854 9860 2482 8813 472 331 8721 8692 302 5447 6025 9167 2804 5806 1890 8405 4914 3698 7374 203 621 6992 8669 6006 9525 1706 6381 7054 2279 5463 6460 1962 5046 4935 4082 2169 6968 933 9620 5572 7829 5657 1064 2444 2385 4894 5842 7751 9036 7734 2991 1741 1421 8354 2263 8344 5549 8642 531 5898 5453 8112 4557 9563 7645 4222 3727 2744 2577
36 5266 7683 1032 2223 3098 1629 7786 2286 9955 683 5288 8016 9743 1400 7957 8729 4638 1087 2426 6184 57 6252 3375 3683 5751 946 8588 1160 6103 5197 1092 5972 2523 1344 2693 5996 9083 7756 2568 6014 4926 4985 9412 8467 848 5409 2624 6616 7177 7278 8992 3884 5421 7010 3275 5296 163 209 2148 6286 2091 9345 5221 1309 7183 1225 2875 1847 8626 9515 5213 6772 9334 4892 7875 6442 7487 1806 9690 6665 5551 5322 6432 8648 6765 4871 2609 6490 2371 8915 6136 2810 5793 6133 5690 4920 1456 8196 1727 9666
37 1024 1367 4817 8239 7698 3897 6861 6543 5857 2442 340 7708 8820 560 5562 7410 299 5892 1290 5311 353 7732 9470 5363 7802 4087 8840 741 1809 4554 5419 3344 561 8221 2861 7613 7856 4417 1699 5480 8359 9640 6295 2453 6495 4240 6944 6926 6344 6695 8353 600 6373 8522 3206 4491 3442 8690 8712 5764 135 2324 3249 7888 5647 2608 4473 6448 3154 8943 6124 5336 5584 3340 3428 1834 8981 8988 9247 7615 483 953 7500 9072 1243 860 8059 2805 7042 1256 7457 2594 6467 4135 7871 8406 908 9692
38 8027 4730 430 4250 2686 7757 5492 406 3593 4929 524 9162 5131 780 3242 7092 8819 1903 4423 151 1112 7360 8628 3187 3666 1383 793 5332 2280 5893 4211 476 3688 2754 4094 1885 2297 3503 2549 735 3287 3855 3514 518 7121 532 385 5802 1749 4343 4917 7562 5015 2801 3455 3826 9147 8618 4394 5486 7381 6527 6871 3368 821 3924 8662 8919 2691 8661 6641 7612 8152 4437 1916 8925 1096 3680 6478 1020 8566 4498 3587 8931 4569 786 2410 7688 7415 4500 9475 8806 2146 1093 7372 9681 1837 954 8390 9555 7861
39 456 952 7466 3075 5853 9402 7333 4601 6856 7841 4003 5246 4055 6586 4024 2923 7618 4496 9673 2882 3710 5881 6713 2344 1286 9143 3338 6427 4619 4711 9726 3947 6299 9668 8407 8524 790 1486 1539 7451 7919 328 8035 1037 4249 7281 2951 9082 2040 1943 7405 892 5769 9792 5943 5913 9189 4612 5650 452 5136 4818 8168 9314 2004 2408 9766 6061 2607 7922 8080 3294 9997 9486 7265 1374 1115 6694 1232 5502 1228 6281 7528 5348 6316 6911 7175 4668 2333 1602 1233 1333 4918
40 5372 5280 4198 6816 4073 7257 644 3270 4881 6857 9865 9552 940 1529 4982 3201 5024 34 9262 1826 7256 9512 5851 7776 5194 6421 7288 3130 3976 3116 6826 3701 225 2387 291 1855 92 4040 3532 6707 980 8060 1201 4940 5344 1385 7906 1389 3504 1954 4598 5695 5498 5621 5513 1800 5063 1503 355 1822 7062 8869 8808 4531 3627 7635 2114 3576 817 6545 3854 2382 4526 8993 934 7276 5870 5259 418 1026 7438 1263 6359 734 1289 2640 5661 6790 6800 11 3720 7643 8268 4190
41 8677 2132 434 5165 9695 7283 5884 1634 1760 5357 5515 7711 7603 6757 7219 898 8891 8489 9811 8362 8358 1976 5869 4142 4410 6159 9122 4033 1053 2596 3535 8814 591 9936 2956 9645 5382 7168 1319 6590 8408 5049 2437 2569 3567 9461 9148 5014 7723 4802 5440 6740 4503 1554 8838 6461 1616 5272 4951 9788 7878 4808 538 2566 5635 3419 5610 3352 8861 3464 4831 802 642 7950 7107 8567 6121 1788 9716 7649 937 9110 8597 6591 7437 1148 2351 999 4975 8318 9701 6501 5276 6622 3140 5465 407 798 893 6195 6007 8765 9145 9323 56 6240
42 8275 8798 4490 2638 4724 6969 5428 4835 3147 461 7947 1295 1377 9421 1860 5401 569 6216 3634 8702 8157 5707 9665 413 6056 6604 9967 1279 6363 3280 5639 4755 370 7302 8071 2500 6575 7442 8510 5667 9417 3624 1044 49 297 4223 4700 3589 4661 8723 6667 9035 8119 6424 5977 8032 6891 4650 9221 8288 7896 10 4091 8955 170 3745 6698 3168 2715 7933 9534 608 4254 830 9560 5616 5503 9569 6539 3920 4852 4454 2374 3119 7189 973 8246 6069 1086 9240 1051 9242
43 6966 2288 4538 5731 4630 343 8087 8875 8751 4433 5776 5380 2629 6908 1396 3193 960 6679 2021 7020 1085 5476 1682 7207 485 4466 8949 2126 8278 1545 2822 5129 443 1705 8937 7720 4068 667 3404 5003 7736 200 4769 4812 371 481 8845 3284 1490 7892 2557 4768 7143 7455 7240 7642 981 8922 9920 7855 1235 3927 1856 5873 6331 8717 4665 7155 4322 8253 7539 8681 3236 8575 5679 6722 3730 1022 3256 8333 2759 8337 7472 7873 5232 7238 4080 5127 8715 414 5511 2896 2278 7342 5985 2534 6147
44 4266 4804 4207 6267 8459 362 9646 1108 1480 2620 8724 2480 3776 7619 9584 9446 8864 5072 2802 7634 9126 7509 1244 916 3481 1585 8904 9361 5524 8902 3151 7119 9720 8599 9654 6656 4597 6915 9723 8866 8957 1710 5378 8836 3052 8297 1521 6932 2576 4008 192 2519 2095 7319 8549 3932 6923 9347 1230 1780 2666 2355 3007 2572 4740 7493 9045 9258 5360 8138 7074 1019 8225 7917 3506 4396 7352 234 2175 7869 809 7936 4753 7158 4471 6042 9206 8006 1023 8505 8472 4324 5431 3714 7883 386 930 3982 7385 7553 4026
45 1047 3840 5984 5115 1417 6394 2434 2306 5307 7132 6293 1920 2430 3654 7202 653 700 6222 1315 3807 4697 3274 6473 2732 6044 6488 9660 3501 2697 919 4846 8610 5449 6899 4938 4103 5302 4390 896 4144 7398 2817 5406 820 2255 6865 6569 9497 1582 9829 9770 4100 7462 3366 9793 5284 2094 5193 7843 9140 1832 2420 7943 5813 5153 9427 2852 2403 3076 8200 8542 5349 8535 7368 7954 33 5343 9709 6288 7932 3692 354 8579 6971 5045 4034 638 2236 4989 3841 7339 9557 6793 8172 6840 9980 8419 8665 4370 8269 1511
46 541 1645 3011 9420 4512 147 861 2585 7057 6446 4017 1849 1133 4270 4735 655 8621 2171 9870 9991 4041 4676 8226 1220 589 6620 7541 6185 2936 467 1601 6524 9451 1901 8998 3647 4858 579 2915 2750 8100 5724 2514 4424 284 2359 5649 3212 400 5416 3905 2807 3528 9544 6819 9490 8644 5599 9637 6978 8320 3793 3678 4845 1302 3165 4440 9540 5082 7182 9554 1680 7026 4269 5403 8045 3266 2372 3317 3013 6258 2584 9027 7357 5175 4353 6678 3380 5899 3908 2766 2471 7013 8237 8222 4533 727 7118 323 6378 7480 5319 8463 944 3015 2595 1607 2218 6842 9431 6999 9610
47 3224 6900 333 4659 8812 1869 3473 1390 356 493 3176 3471 904 3990 1637 5317 7979 2365 6639 5847 8603 2556 4327 6776 5541 4580 4441 3525 2163 9041 890 7347 4703 2571 5965 7334 471 3610 9627 6239 4962 9190 3348 1453 4799 6067 5283 3900 2080 5362 7569 9677 9399 1697 382 2544 6516 9621 2913 6477 2183 3580 4522 3736 4563 8920 6706 8375 6208 1672 2968 5603 5083 1510 6783 5312 5138 8206 3496 1909 5685 6811 7542 3364 2914 59 6120 6016
48 1261 7593 3112 7146 8488 7746 2008 4427 4141 1746 1757 6518 3056 9725 2874 9880 7139 8345 1362 9502 9263 4577 8378 1398 875 3192 4891 6989 1983 4338 9594 3209 7422 2033 5214 7543 1487 1624 6476 7872 6116 787 3202 7114 2457 2837 6662 1495 6937 979 1219 2678 1669 2682 9832 7833 9064 3358 4911 8474 4572 2176 9458 2720 6551 1054 1949 8852 4785 8525 4050 2553 7691 645 8996 7531 2089 7595 7261 8968 3615 1187 3289 9871 8889 4079 1922 1883 3462 7008 7998 9038 5678 1142 1248 3823 2377 4188 2160 2063
49 5967 2479 1454 2068 1695 8134 6355 8883 9947 6601 5656 3141 9216 1121 8395 1573 9360 7749 8732 794 7767 7204 4936 5598 8124 5281 672 9157 4483 2015 2725 5761 5982 1103 5339 9789 825 7981 762 1576 5926 8097 2961 8136 1364 6318 5554 3429 7876 5890 9305 5623 4075 1872 7769 2929 8238 4800 1413 8292 1752 1264 9846 6206 2564 3838 2254 6429 5605 823 2698 1636 6328 5773 5474 598 4627 2313 8056 5858 4371 4874 1700 2494 7591 4070 7392 9844 7407 8036 8305
50 3372 9491 5168 3988 8817 1301 2187 359 3661 4606 6407 2431 4604 5518 4485 8797 4416 1498 7305 179 3081 6330 2411 8440 1894 899 4546 8146 2969 8104 8065 5438 8517 9141 6523 2928 6773 1668 1924 4204 9292 7685 3936 3068 3356 7835 8719 2230 9841 3031 5499 9806 5245 7023 7324 6026 7 8582 5804 1500 4863 7373 8834 4029 1735 4828 7953 9195 3770 1326 5481 6010 903 3569 7926 4444 3470 7812 3550 5675 9913 8187 5223 6552 977 974 8294 6517 3382 7997 6302 4039 1476 2739 6851 8073 6472 7996 4331 169 968 5318 9650 1084 1175 7702 301 4336 6334 9205 8015 4083 3844
51 8511 991 3162 9265 1965 5583 8790 3763 9978 7596 833 2281 254 3845 8044 6180 9803 4425 6814 5703 6636 7311 3231 5835 1985 8264 4686 1471 1238 4765 1197 2452 6384 8363 4185 2029 6553 9940 5531 5763 7430 3804 5095 2315 9010 3045 503 4720 2076 1384 3185 5096 8209 8778 7512 9943 1651 8753 1996 8882 105 312 783 1504 8755 4994 8322 3631 1063 2825 113 4369 4592 3812 9575 5268 647 5708 102 6521 1378 4532 3228 2832 8770 9820 9166 1790 2685 7205
52 1280 9335 5342 5393 7653 7945 8048 1670 5567 5809 3430 8106 4603 6278 6045 4088 8441 5293 3898 627 119 9735 4374 2012 5295 5820 3827 6763 7401 5278 3028 5561 9545 3687 5226 6200 2256 6109 5067 1541 2688 5833 6186 9243 2166 3367 1533 7003 4267 7721 765 8061 3243 1509 5368 9777 696 9225 408 4672 6139 9866 2997 6949 3739 6593 4107 8379 1709 1468 3017 7584 214 3813 2199 6095 374 1748 7507 9133 4407 7773 5399 4093 1102 8711 4333 7273 5597 2032 4246 4421 8301 4788 5233 9963 3970 3552 4717 2583 1979 1518 7966 9080 4763 6664 5558
53 1556 9207 8207 9549 9669 5875 927 842 5560 3612 9249 6625 6807 7007 1520 236 8263 4126 2849 5556 9944 2842 6747 8769 73 6520 4289 3706 448 3989 4174 3505 7156 2285 3799 7737 7325 7416 1940 755 6210 3791 5882 6202 680 7897 110 8151 9753 8072 5047 5905 8693 2708 7388 8137 8140 2380 7744 6564 6818 3703 5672 5010 9224 5536 63 283 4360 4351 5094 5648 5187 5445 6806 2903 4007 8709 702 6117 5720 6980 3748 5805 3538 4515 3207 4702 5412 22 6097 31 2101 7321 6032 240 4335 9602 5772 3386 6241 9483 9241 9416 5596
54 4271 9215 7538 3742 7081 186 4584 5261 6046 4294 3603 9773 2433 3942 8115 632 4283 3809 6414 1785 9436 3607 4978 3895 676 1838 9705 2136 5827 9062 2883 8293 9765 4862 6104 3850 2740 7420 4893 7073 6408 9449 4867 266 2268 4709 7973 5860 3336 8635 3218 9529 80 3892 1247 4653 2298 5909 8593 9154 5182 2110 9256 3489 1061 7969 5249 9873 2734 4382 1550 5888 6126 2153 7631 5799 5389 1131 7716 3673 5100 6721 9293 4411 4688 4642 967 316 6105 5637 2528 8098 8912 3786 1341 7863 6909 7630 988 8361 4539 505 9839 5170
55 2819 5048 1671 6690 6600 226 2771 849 2122 9596 257 8911 546 5057 1492 2851 4019 3839 4922 6345 2511 1717 5874 7269 9636 1603 881 5364 4552 9008 1185 9235 5167 9346 7625 2627 1884 2925 2597 6198 7453 439 8383 2845 5121 3283 5590 480 7508 1638 2763 761 5559 426 2917 1896 8099 4186 5241 9734 245 963 5255 6280 2772 5867 6188 6672 1892 3873 1917 9336 4829 8376 5162 2092 7574 91 9595 4399 1461 8887 8051 7112 924 6834 4649 2214 8713 7130 513 8835 8985 1795 2165 6655 9487 2125 2274
56 9330 3189 1861 2671 3787 1082 9572 648 8156 9966 8416 5956 3226 8684 3649 4084 7758 9982 6015 8089 7516 5632 239 9816 9848 8885 3977 79 5719 338 4931 7135 4131 8696 3155 8607 7423 7087 5118 9120 2702 7519 6107 3640 5161 8895 4836 866 5781 3190 3350 7497 7524 5581 8326 2704 3983 5017 1365 5735 3279 5506 393 1692 3802 3732 4362 1491 6012 3114 9333 8722 7661 4215 4690 174 7088 6583 6512 2144 2194 9719 9303 4803 3093 5384 7768 630 3487 6376 2120 4545 870 6125
57 7529 5304 994 1778 5991 6658 9180 2982 2131 1618 1819 1189 1422 5027 5436 1933 8123 77 6970 1088 8601 264 4693 6938 2757 8594 9986 1397 6199 2729 6141 1488 5327 5273 9530 8372 9714 7071 6027 5949 4502 6836 2242 5697 9477 2334 4051 8462 435 1134 9304 1241 6635 3440 6663 544 251 2044 719 6762 8964 7959 3999 465 2904 2010 792 7686 6767 1114 3258 9505 2082 7503 5654 5914 1260 9822 7254 9576 7849 5297 4009 7021 1334 2039 5507 1433 836 5028 710 6260 4747 2055 8017 9564 459 4524 2814 6250 7567 6166
58 5631 3648 5375 5373 7738 5351 7547 6614 6839 4045 322 3515 3452 5229 6666 856 9386 6882 1297 6676 4035 9941 982 2133 1460 9981 8623 1918 6368 2143 640 6945 4297 8000 5936 2168 2172 9813 1139 894 1450 8879 3255 7726 321 3325 6404 2724 158 4631 8666 6397 6447 2208 3815 3993 1045 8471 432 9731 4172 395 7550 6570 9763 1366 7266 6470 7984 1076 8956 9313 535 4578 2797 280 6673 2920 826 5116 4786 1331 3494 7911 4401 1796 668 9730 7733 1842 1107 286 936 1211 3596 307 6584 9810 7477 6612 2210 7001 8433 8380 444 4213 9448
59 4232 9273 8823 5745 7780 3885 3670 2025 4766 4743 1122 6902 5760 9821 7930 5408 6268 7522 7072 132 7554 5636 3247 3171 410 8031 8744 5009 27 3954 1090 1382 7760 2931 6322 864 7225 5491 2510 5537 3585 9059 6048 5529 1401 4308 2414 7313 7962 308 67 1792 9441 2545 5455 1530 87 3310 8208 9613 8667 189 9 7963 6739 5092 3843 3795 7678 8558 6154 4640 4010 6275 3862 4195 207 6743 324 8843 6008 4095 7623 2435 7244 2592 7012 7172 3973 2309 3002 3726 437 657 4184 51 6108 1507 5543 9635 3704 9289
60 1570 9877 2227 4286 8609 1859 6631 6215 6112 8986 3738 1410 8386 2345 8330 7792 460 8731 7920 6254 9785 7157 815 3771 7646 9435 4137 1774 3298 3432 4476 8670 8663 9781 5410 697 4674 1267 887 8659 6064 231 4264 2142 2395 9950 9344 1323 4548 5244 2808 588 3222 636 950 5700 5836 2047 6094 6366 838 8734 470 2783 2211 5711 548 7270 9325 1991 3148 1953 2399 4745 5201 4567 5073 3681 6356 4461 2762 3009 3590 1532 8611 3378 7910 3415 5986 9672 1852 7059 8312 7621 8171 5004 3889
61 1781 4890 7369 5371 5753 3071 1731 3934 1828 2645 9079 336 3244 7771 3434 4555 9721 6888 7222 221 3302 345 1332 3175 9236 2565 1363 6961 8863 4468 5981 1343 9964 7152 7093 7834 3768 8638 3675 5659 3309 2902 6597 5509 4166 2672 1097 8189 8008 6653 9127 8181 3111 8019 9307 1864 423 2006 3530 8499 9679 4534 3399 4632 709 2051 122 2201 9239 7938 8210 508 9339 6930 9445 5525 7431 4180 4809 5692 3620 3545 1584 7184 7447 5666 3874 8414 4121 1239 8785 6113 2841 5770 6833 9319
62 2019 3784 4825 4460 3174 2117 6174 8870 6156 9883 8616 1725 986 219 8266 3357 90 3956 1640 8368 6000 2699 9662 5066 4260 1632 7648 3570 1430 3573 4074 5195 4778 7191 9131 8103 1653 3391 6101 6362 8331 3425 3731 5298 2054 4620 8527 7521 827 2459 5964 6464 3407 9887 9604 4133 6990 622 1993 4634 7822 6229 769 2779 5117 4274 5891 5185 781 9618 8270 7927 553 8004 379 2613 7178 5748 5166 7161 7530 1046 8930 7597 3868 4827 335 939 9146 4280 4865 5589 9782 4961 6242 7626 2789 3644 8624
63 4723 7061 2821 3169 2488 3540 6544 6265 7439 1759 5671 5471 7535 2253 3741 2121 2428 7942 9757 117 2719 3079 7043 2876 2507 9315 5615 4600 1144 5216 3832 9114 168 9134 7884 3234 6212 7127 2347 8749 4979 9030 3613 8118 3219 2209 5676 2198 545 1964 7389 9430 5959 6820 5058 9266 6681 9077 4783 8733 372 3267 1208 3069 3984 3410 7331 1814 2654 6343 2326 6720 3645 9164 8637 6013 6396 6623 8125 6998 4076 1029 1715 3643 3160 1794 1292 7784 9605 7486 7609 9276 978 9664 2389 130 3152 6609 3821 8521 8350
64 2423 4850 5801 64 4762 8627 8129 3740 6642 4616 7705 2612 2106 7006 2657 3146 5119 167 4811 7804 9600 9351 3650 9685 5534 468 3260 550 6756 5331 6317 2634 3001 88 7299 3902 9227 2096 9779 1322 9691 5803 599 8780 1250 6509 8216 554 586 5034 1162 320 7030 7534 2167 9599 6885 3142 4230 295 5257 5728 7632 7105 5031 2659 140 5933 8708 7971 1652 2319 3105 971 8900 9724 8158 9987 8608 8183 7750 6984 5164 3296 9527 2562 6420 6211 9881 2069 1231 8011 1402 9633 5314 3959 8945 8619 7142 3811 3968 1557 6993 4132 8816 164 1817 9479 6191 123
65 7590 9896 1016 233 6630 9144 9004 6431 8948 2128 3083 3971 616 5424 5963 7452 1597 3373 3775 9155 29 596 2836 607 6183 8296 7014 8177 7602 5586 8070 1600 2647 7247 8989 9413 2396 9787 9275 8827 3048 5821 5958 2195 5140 9285 7748 5512 5790 1190 976 4608 3349 3401 3095 504 4304 8049 2328 920 232 9000 4124 8886 6402 8625 8630 7815 1434 5022 6456 4928 7565 4134 9340 6463 2944 6753 5075 1904 506 7909 3023 2535 5651 4635 9607 6068 9268 8413 7718 9288
66 788 2669 3933 5353 6963 4734 2222 2409 965 7629 1553 5264 997 398 1151 194 2078 6140 5677 4704 7231 7948 7229 4622 1559 4695 5740 227 129 35 62 1515 277 7839 2965 6925 4877 6574 6946 603 2673 8084 8872 6058 1591 9901 3040 1298 2492 5625 9439 1899 2303 7282 3531 2005 6111 5915 3636 7264 7041 4358 3928 6347 2250 7991 6594 8860 1089 7968 9352 8726 8343 7803 3581 5768 4012 3180 2003 4067 5120 1963 4987 9117 6327 6051 55 9081
67 2791 9504 2546 3962 6813 8342 3121 2357 2170 7289 4655 810 3394 5074 4391 5634 5044 767 5508 9609 4383 8526 1226 3758 2200 947 4255 1919 3164 4784 1567 5863 3891 4063 8741 2705 5326 9046 1200 9509 3910 3817 3362 5831 7557 8961 1833 4905 8229 9856 4220 7559 3761 5411 1174 6876 9863 7308 6801 2310 8924 65 8426 6640 728 9808 3541 2196 8951 3346 6576 1665 8230 1606 4098 3888 4947 4992 2177 6123 4727 3560 839 5582 4111 4645 6057 5159 1523 7951 8347 373 519
68 2550 9802 5838 2322 5588 5787 8043 5333 5715 2432 8143 816 1150 1337 6644 7825 665 5688 5415 3479 6860 2515 5146 1135 6910 573 3241 4169 7353 4875 5954 3318 2468 133 4562 2736 2706 1186 2159 4855 6131 1257 2473 6650 5103 5020 7259 1516 7992 7138 9894 2517 3987 5645 2521 61 1069 9151 6561 4998 7253 699 4772 1213 8881 3937 5287 6209 2895 851 4386 6595 3577 2037 1269 8796 1224 4793 7789 7197 3106 2637 855 5001 3016 4108 3778 8010 276 4771 3626 760 1458 7801 6918 6297 5668 7350 2038 3510 274 8503 3197
69 6808 3077 378 3390 8093 8523 3039 7496 1986 422 1091 565 2325 9834 8329 5762 9698 6624 2232 1960 3252 5404 6029 3818 1435 223 1254 4519 2284 2531 3126 5687 7714 7341 3584 4764 7145 2349 4621 2687 656 9655 2950 6393 782 4868 8034 725 5777 6959 7728 2056 613 5824 6082 5517 8811 6196 8149 7065 7049 9897 5663 3588 6821 9957 3426 7237 5346 7378 6335 2867 7526 9611 103 7249 8201 9776 4300 8807 5823 5250 9168 2023 5921 5203 2651 3948 5084 3427 2378 8384 1109 9297 5795 5105
70 664 4117 4605 8110 6568 15 4819 3755 4154 4066 2097 9791 3899 4341 3524 5225 2102 7075 8538 1194 6324 983 9842 8415 1846 4194 652 4625 8824 8328 8286 8498 7045 1177 7203 5779 7236 7131 6282 1205 9740 175 7268 3278 7279 1042 7171 9898 1035 8029 6785 8180 4779 1439 6686 8546 8782 1683 6782 7298 4924 5434 3034 681 5156 7813 654 7800 626 9407 1543 1912 5396 3332 3084 690 4238 7704 4413 6760 8203 126 2305 9196 5946 9447 4583 6730 5306 9283 718 4669 2264 4637 7040 4910 9968 7260 7111
71 4130 9577 8377 1722 4349 7668 689 1716 4182 6788 517 1407 9678 5451 7275 8685 3312 686 5973 2235 9632 4462 7286 278 6161 5701 3756 5330 137 7680 86 3449 7469 850 1911 862 5324 2185 1988 9104 4981 4507 8987 9884 3754 7393 2271 325 7604 3459 4934 9165 4155 6372 5217 8999 5794 7614 7267 9005 5243 9149 9818 1373 4439 4888 8310 196 6437 5394 7886 3173 2712 8555 2229 7985 8026 3049 8805 4993 3880 8545 2733 9136 1141 2404 1854 4876 6645 3633 8576 5932 1310 9050 1980 6699 7817 7379 2009 1625 9683 5940
72 828 4241 7125 6710 2949 4380 8475 1661 6035 8334 1740 2290 3597 7245 3365 3334 7284 6002 4450 8370 2491 5169 9374 4838 8231 368 9804 1030 5778 4406 6033 211 6742 597 4821 2418 1158 2677 7654 2489 2536 5366 6219 9419 1007 8759 4209 8107 9009 4499 8553 8991 5866 8025 1734 7583 5641 4807 3303 4265 9794 674 6339 68 3104 4469 4092 5477 4816 6538 3918 6770 6232 2332 2798 8884 7109 339 2205 4002 4959 5908 246 7611 2940 8950 8934 1974 6897 4738 8578 160 5859 4780 5528 3493 3941 6454
73 4741 9177 4707 1720 1482 6480 7579 5178 4591 8534 6585 6671 1062 6138 3113 9736 9526 8825 801 3388 5916 3737 2643 2030 4719 716 281 390 5817 9022 4946 2728 3178 2559 4409 8424 3159 4589 484 2815 9747 6091 3458 8493 7663 4173 4833 4309 473 6668 1327 8432 4837 2226 4991 6379 5464 4467 789 3402 5969 7712 3760 8691 9823 5448 6621 9212 2390 7651 9513 6263 47 8199 5782 5660 915 7902 2186 6933 6148 5674 6957 3764 8373 7336 7153 774 9198 6504 2703 4106 9012 5928 375 1426 4525 6526 4887 6588
74 1990 9231 8280 1562 8602 2147 6253 3345 4422 3443 9405 8055 3658 8332 3697 8657 602 2443 3233 1447 347 1857 262 6004 5552 1848 628 7296 8316 3263 705 7974 3995 3208 8298 7345 7212 1874 3630 8111 3562 3005 7470 7673 4680 784 4071 1998 3991 1195 2503 1619 4815 1011 3769 8113 9895 206 897 6859 5253 9643 9492 4120 2803 7715 5051 1001 2631 8982 8939 1868 1524 3172 1522 9202 5457 1118 5385 5766 1879 6486 8977 1472 5612 5340 7166 7459 7548 389 2865 3625 2617 5575 2072 1010 631 9480 1635 1262 1726 9733 8012 8341 7900 5315
75 1147 8748 7027 7128 3158 2970 95 2341 5301 756 8492 5303 7025 7788 8260 5523 7986 7502 6731 7921 3878 9570 8583 8132 3829 2065 8102 5240 1318 4243 3519 2587 4375 5557 3702 4006 5514 3656 5689 8486 7624 775 3686 313 972 7573 6179 3055 6632 9934 5143 2993 5526 4303 4102 1005 2527 4187 6194 8584 3498 6615 2336 7198 7845 7474 6907 9543 5019 3651 945 3311 3913 2417 6892 6973 1627 6143 2981 9300 8760 7658 5644 358 8003 8130 9939 4790 5845 6471 2445 1743 4078 1767 1437 2826 1246 4244 4377 2512 1497
76 1210 6880 2340 4140 1281 1104 935 8477 3744 1117 8242 9108 4615 8775 3491 3022 2658 5294 3945 360 4248 3453 5912 3509 2943 7572 3096 9132 8304 5025 2501 7255 9642 964 3110 7719 6233 3914 361 4870 8244 5126 3037 9203 3767 9053 4558 41 1099 5142 4923 1 9850 1538 996 1041 7710 679 1813 8697 3830 9528 6748 9299 2887 466 2611 8649 238 6864 1517 9279 6725 4948 7753 9961 6565 6916 6087 235 8105 791 8952 8166 4504 1234 2601 3950 4826 1183 1925 6173 5759 5309 2265 9862 4311
77 9017 3735 8504 5258 4022 1168 6450 8028 2863 8962 3265 3484 205 1708 8972 4983 7785 543 5180 8815 7380 5680 6332 8256 698 7491 2188 9830 9410 9843 7949 3500 2270 8701 671 4909 5746 6815 4908 3965 99 3461 150 9074 7664 1812 7527 2780 2419 7035 4777 7208 4285 346 7967 5980 620 5013 2660 7939 5920 3143 8274 6220 521 8598 9124 9213 4316 1548 6135 6866 3355 4277 4446 5059 2932 8091 3134 93 9047 1036 1863 2456 5494 9849 8737 4218 8735 5029 2243 880 9684 2793 1754 3789 4457 3517 1441 3264 4879 5053 5224 1805 7444 6534 8612
78 4138 1050 3834 2843 6011 2626 5852 7211 2935 5682 8335 8092 1375 9769 8184 9837 38 9935 2036 3292 5907 1610 2366 3801 285 8757 4038 1125 5395 7490 8641 6493 5849 1361 3835 7821 9384 7633 9367 1346 8654 8848 2548 6066 9462 9253 9764 4495 6567 5927 3953 1565 4884 9838 8758 8364 1945 1469 9052 2397 4234 1952 9975 3469 8144 3131 9847 8704 4692 4575 3061 3864 9861 1713 7221 5128 2099 1485 2289 2129 3529 9948 8898 1939 4275 5282 6951 417 6276 739 5839 5154 1599 8529 9218 5955 1641
79 8841 6034 5563 6218 6047 2994 442 5030 750 2212 193 8083 1737 3998 6755 8871 1077 6020 4226 7587 6967 4971 9942 7226 9885 5220 2694 1944 1540 8461 4328 201 6273 8109 6246 7164 6736 7475 6830 4553 454 3708 6688 5290 1528 9055 3191 5732 3876 7774 1153 6181 7083 8826 530 6236 60 8773 6440 9717 1571 2813 9007 4791 8154 9831 4259 3599 5204 4163 9932 267 2145 9484 8966 2441 4301 8589 6953 2179 8496 2972 5941 3412 9732 7881 9270 7745 3087 7797 646 4823 5265 1935 8762 1967 5444 8916 4043 4576 9278 3123 5234 6637 2283 3089
80 9463 568 4732 8967 1034 3043 9444 127 3030 159 6693 9112 9442 9130 3063 1508 4675 6073 5922 1531 8990 4915 2234 5160 5505 2041 9254 7050 1416 161 2818 3225 3416 9375 639 296 6921 906 2162 5390 2070 1733 7421 7777 6052 1283 2924 7662 9356 9581 5993 3361 9889 2042 7915 4061 2312 713 7580 7644 9290 8437 5454 6279 8235 1662 2984 2711 216 5081 5553 6972 3690 2151 5971 5774 1237 3482 1387 3331 5539 2782 6176 250 4736 9348 5573 5247 3215 72 3060 7190 6129 4005 6146 8897 7870 2495 4096 8901
81 1719 9559 2980 404 9583 6036 4980 4805 7717 7854 4886 5825 8355 5564 595 9812 2124 2870 1721 8557 3221 8907 2352 3230 3170 7233 1483 6847 9965 7351 2578 3547 2823 4626 7251 6169 142 1452 8431 7246 1763 3090 4641 5758 4298 2618 7610 9467 3229 1895 687 9772 1126 6466 6153 490 5270 2787 5934 4544 6078 3314 9836 1423 1913 4329 1170 4510 2908 9358 9696 2820 4171 7808 8605 39 7782 9039 9185 7772 7847 7795 7063 2425 8009 9797 7362 6163 9523 4731 2506 6948 2714 1203 6893 5267
82 8455 8064 2086 7692 48 9641 8449 502 2662 3554 7113 7700 9228 8844 989 2758 7935 1467 4839 1583 3384 260 2796 9495 4609 3537 3139 3323 712 172 6633 4590 3925 8374 1350 885 8980 2540 3250 813 85 3967 9606 7743 4551 8360 4514 6749 1955 5727 3750 290 6055 6629 1285 3785 2753 5752 7159 3551 352 7220 190 6997 7903 9775 3679 2081 3062 9306 7622 5712 9952 7406 8457 691 526 3451 8725 5152 8720 9183 3167 7277 738 9899 2628 1611 2707 2526 4854 2115 3623 7165 4945 8490 5418 6178
83 5091 4618 4122 6881 7592 1056 5889 701 7051 9398 8829 7365 694 6110 4181 7448 5337 380 3132 9985 9984 8479 3582 9260 1496 747 6827 3059 958 8494 1306 5052 3321 2272 4388 6581 7805 1578 4345 218 6791 4146 7141 3235 3027 4903 770 9359 9926 9121 9674 9257 1182 3715 7594 912 3621 5184 9759 9184 9142 615 3047 500 23 8153 3495 5472 6954 8699 6651 9385 2275 2269 75 7864 8694 6634 9152 7099 265 4860 9466 7173 6610 8971 1639 154 89 6546 1888 7056 8787 9546 2059 3320 7196 907 9959 2358
84 1851 8291 4501 2376 8198 557 1575 9426 1394 6364 3751 5626 5775 8470 1265 4492 9508 2505 675 5279 2335 3100 6080 8564 5050 1586 9929 6529 9025 5026 649 3041 9092 2173 3476 7169 7250 4128 2885 7227 9135 5664 7262 1229 6741 570 5011 4177 9060 2157 2834 4064 4864 7129 4027 9496 7018 3556 884 4523 5897 1718 3939 3186 6213 8923 4420 6578 8075 5269 1827 5238 1072 2088 7192 7348 8832 146 8349 520 5098 6702 854 1766 3035 3632 2485 6904 7097
85 6221 275 3117 1970 8908 6652 8161 5231 3846 5510 36 1049 4607 4178 5999 9087 9833 1217 4556 4161 732 536 6484 9350 4912 5521 7707 4586 8224 5107 8127 3886 381 3418 4943 2233 8856 9096 2381 1313 6201 7137 1982 1179 5405 9825 5704 4536 3822 7419 1003 3339 7485 9095 1779 9680 9296 5417 1595 9197 1707 497 9408 4156 6547 6193 1655 682 3869 9199 9088 1915 6038 2649 6099 1613 8369 1887 1588 7458 2696 5473 4145 4714 9663 4170 8423 678 9819 5585 8532 5007 4614 8927 3276 9019 3904 106 5239 2816 9855 7090 2190 6787
86 5033 1424 9748 5460 449 6626 6514 3747 1372 7033 8410 1106 677 4798 6687 3909 8946 7187 1255 4663 8921 7271 2350 4628 9652 1977 8591 9099 2788 2745 293 2909 5658 9282 3335 5426 552 3026 9013 7483 4767 4101 3053 3788 5619 6849 829 9768 9272 5580 2748 7228 515 858 2884 8888 1900 3409 523 4293 9324 8905 310 9457 1249 1876 4678 2362 237 166 1620 1712 5211 6705 4434 6305 2533 2899 9983 5592 3239 3938 2112 6175 1853 7961 5594 2231 3974 1650 6315 6346 8580 7958 8128 9302 341 9828 5055 6142 9210 6835 5750
87 5948 185 3896 7901 796 9014 9338 4 3149 3859 6838 6353 1308 7826 6758 9311 3508 8913 9682 731 6769 6685 2007 3480 5919 6270 376 5607 6627 1617 7983 1750 9020 7657 1324 9826 5462 3592 0 9996 8855 2642 8745 4847 9713 6361 3067 279 4148 2474 2975 5205 5886 1078 2149 4432 778 5310 2690 44 1882 7830 1136 8847 4284 6182 6114 9281 1704 9040 2248 7725 1429 9590 2963 3872 6083 1412 9006 2267 3721 9085 2247 1386 4830 440 633 6098 2581 183 9915 6062 2692 1052 1685 6850 2522 6452 8507 1519 3716 8614 1684
88 8788 6400 7399 9533 5191 7310 8141 3981 344 5198 6449 4414 3935 5533 6506 6269 7865 9864 7846 3901 6761 8283 3723 5482 9758 7989 2593 9115 3536 4559 5008 962 5275 8750 4885 199 6172 2251 6792 7882 9868 5183 9161 3805 3347 878 9567 1803 4921 9378 7304 4824 6735 8970 744 9750 7461 2580 8606 5386 2516 4201 332 1159 7409 1276 7117 7194 8880 6453 1660 563 7402 4843 1473 8252 6727 4792 5950 832 9518 1808 6392 624 2770 4796 7912 2416 6877 6102 450 2988 5190 2910 5252 4118 8145 3906
89 4053 1251 6797 8676 914 6661 3915 9878 3759 3392 4312 9176 411 1513 1770 5172 6224 5086 3652 1568 8038 4984 7408 9423 3333 1432 759 4199 4056 6712 2134 1987 3635 8484 812 3887 4484 9113 5367 8398 1282 74 6462 8007 4381 6752 5938 5652 6262 7210 6558 724 2764 8633 6853 273 8456 1784 5325 5931 1907 5064 6023 202 7306 1448 3108 1352 9255 3667 8791 7077 2450 3693 6939 5960 9703 8837 7188 1438 537 6589 3923 2361 8429 3050 5903 2880 7893 4895 4337 1008 3014 4403 9363 8509 9689
90 4339 4955 740 8352 3074 7681 1100 5622 7384 5157 8453 6577 611 2558 7904 4447 8443 1164 6828 9951 4956 1462 605 7435 8910 3565 746 4430 438 9179 8444 7429 1055 6482 9109 7403 2871 2866 4849 9332 1370 6746 7215 1905 2206 5975 4193 4757 6943 7484 4566 3184 7312 5469 5710 253 3779 4167 6086 4415 3137 9432 7810 1793 3179 1535 9390 2465 6264 4307 8047 6987 2182 8261 6964 1419 6981 495 9667 9476 6562 3405 3038 8518 795 367 6075 8531 4666 5868 9309 7340 2641 8308 1245 9034 9191 3072 6457
91 5078 1351 2497 7300 3020 3220 8081 684 2835 7002 4057 5579 5112 9537 8803 6812 4941 9414 2656 4426 2353 7326 6530 83 5669 5854 5377 9128 1181 3472 173 9071 348 6682 585 969 5423 1059 1206 846 1841 3672 6351 6780 1969 9756 9907 6689 6289 1359 1347 8771 2002 8849 8556 4081 7987 8539 3931 8194 9377 2331 610 2277 4662 7727 8563 18 4110 8365 9237 4149 2664 4443 7232 7290 9101 4728 5717 4869 8777 6487 2301 2561 7358 961 9566 1971 2438 7759 9585 8926 4718 7809 2974 8577 3163 3695 6348 6988 3964 2735 5189
92 8903 8023 7150 7544 4866 5896 2760 4588 824 660 4834 1644 911 4750 5320 5983 3619 8738 9589 9280 1947 1798 1348 7778 8121 7940 2872 4901 8223 872 247 5798 4474 7589 4481 1646 3617 4488 9908 6677 7102 3520 4746 587 9267 9799 8067 2031 5262 3752 1948 9329 181 2979 1835 4072 2726 9574 3194 959 1328 6798 2103 1273 7848 7575 4357 8802 8899 6256 7079 1830 3183 7601 7460 6387 7667 3563 619 1950 8536 3958 3424 7836 5104 1824 2240 5730 9798 5989 469 3870 6522 1493 4925 1268 9172
93 1534 1973 8764 8600 6805 3946 1789 5699 1736 1893 6704 6974 2579 4452 6306 4639 9425 4595 9116 6928 2921 572 5593 2421 3912 5335 7424 8460 499 2575 4278 9394 8385 1564 1477 6950 1272 3136 5862 298 2877 5974 3657 107 6675 1466 7011 3205 3216 6 2605 3000 6784 8746 7239 3285 8327 2339 4988 2573 2776 6134 4385 6207 1227 7867 6837 9506 5263 111 1110 4464 3849 1558 3454 6786 5547 2137 3917 9316 4999 7995 5895 5885 1659 4916 5439 8689 1180 4541 3389 4472 349 3490 8088 4699 1514 1997 5756 2276 350 1165 3253 8290 7696 1027 7029 5705 9244 8162
94 6313 2598 243 4228 6781 7850 3300 2329 6873 6132 688 9927 1354 6554 992 3555 8277 4518 3575 7028 165 7820 7586 9200 2668 5042 5947 942 76 4398 4486 3629 743 3091 1404 4276 9592 1783 2547 5519 7492 3753 1317 9192 3916 2508 2646 8076 6511 7337 2028 4000 5939 3653 8655 3614 9056 4192 5918 5757 8013 4636 6580 1937 8403 1221 1693 1615 7009 8307 4543 26 6804 1992 8478 6128 8085 9827 5574 9891 6050 844 6607 9521 6375 3518 7960 3659 8473 5037 249 5816 3662 2722 8622 222 2379 4528 3305 152
95 4687 8279 1445 14 7404 9150 9217 8160 46 3663 6077 8204 4025 7479 6342 4787 7860 2888 1395 3707 9411 7235 9619 3488 8114 9519 2481 7248 6726 4217 8942 487 6171 8117 3397 4219 7060 9415 5718 4429 4090 3370 4900 3963 6536 2224 441 8315 3521 1293 8002 8528 4651 2846 9586 7482 7432 8495 9919 7598 256 1015 1978 5218 6500 2829 2075 2107 3447 542 4564 2502 7154 3616 1995 8213 1555 4395 6991 2391 807 4937 2064 4939 8918 5945 494 8571 7514 9644 5785 5108 4042 5693 1526 8357
96 8052 2398 3360 138 5808 1287 1592 1678 1464 4701 8565 5155 510 8768 3 2862 7600 1440 7038 446 4116 2890 7052 2292 6540 3006 7494 7386 905 2228 1184 583 4028 4069 5076 3980 1621 3816 5113 8716 3103 3808 1696 2266 311 9160 7588 268 1145 7243 6118 2847 704 3124 4957 7024 4859 5478 6164 3271 224 5374 8585 6223 1928 6298 956 764 711 4742 1083 7578 8647 4841 8193 7752 4004 3553 6290 2415 9011 6323 9938 1745 2509 5966 108 7823 8120 8795 772 8082 4517 9911 9538 707 1975 9301 8896 6177 2308
97 8629 7086 3960 6043 2778 6845 9532 9409 2933 3796 1444 2138 1593 3820 4150 2854 3600 20 9612 5796 5737 4036 5134 5433 2859 2922 4442 2017 3046 3351 1574 1605 7706 6750 498 9317 2061 1631 2999 6541 1501 3574 8541 7224 9956 7533 8430 6418 2050 8454 2960 7652 2881 7418 1463 2978 4214 5425 6294 8367 3894 3543 6497 1330 1590 4397 7371 2058 592 6458 5430 2615 1820 8163 2026 6474 5501 917 4206 3848 706 8831 4587 5130 1703 5186 7498 3200 6903 6054 6603 5834 4511 9937 7414 2239 7908 6532 9970
98 1074 1972 7670 777 9852 1207 7356 8116 1926 6165 1755 482 8482 5855 124 3377 7411 4364 9349 2530 4516 6751 6555 768 7481 7606 663 9048 9924 4851 4593 1648 1581 4478 4225 2449 555 1494 8706 128 9922 571 8728 1714 4233 6719 5124 24 6005 2311 7004 5791 7638 2751 3669 9076 9163 8351 8974 1325 4049 5910 7581 1536 2451 3102 3217 4725 5087 6502 2202 7874 7895 7069 1580 1274 6598 7291 42 8865 3387 1303 4236 6975 1560 8516 1479 9084 2737 2001 1068 7766 6498 9657 5085 1130
99 3329 528 4299 9658 3713 2998 12
