500
479 6408 5618 3698 5024 2163 6667 2796 134 3669 752 9032
443 3804 2893 3271 3182 2506 7738 8357 8149 9944 3285
260 502 6013 8412 1266 6846 4829 17 9552 4843
23 1786 8210 3261 2116 4589 3007 7973 8118 2707 4365 5007 8477 152 1561 2208 3697
453 1162 4391 1039 1527 8521 9678 2503 2849 2108 4647 6534
138 3691 9064 2896 2880 2482 4738 8075 8168 5444 9395 6833 1042 5156 9669 4531
471 702 3438 7589 7111 1691 5491 5455 8520 9065 4988 5175
465 5188 3690 5601 436 8214 6232 3102 4071 4193 9819 9292 8324 739 8462 360 5500 4962 3728
493 8272 1998 4270 4685 7238 4800 8717 5456 3894 7575 9007 321
200 3663 6661 728 2025 2619 3018 71 3895 1228 6702 5381 7457 1137 84 4923 7880
160 3161 6168 9115 8886 1781 5119 9953 3441 2571 7103 8031 8121
265 162 9353 6724 3718 9958 3123 6988 3283 6518 4852 5224 4457
362 8971 520 5941 8427 555 1865 9277 3360 1755 6214 1555 4871 5504
380 4143 2041 6267 6262 932 8280 9243 5763 1279 1923 8439 5090
58 1689 7332 2683 4489 8029 3090 6240 8265 6583 9917 668 8224 7861 8910
209 5314 6572 8760 7818 5425 5274 813 2591 8092
480 3525 4532 8854 5045 5 4410 2483 2608 7660 6202 296 586 5677
439 323 4931 5447 4987 4869 9122 8361 4401 6795 2139 202 1747 5294 5543 6635 2121 4199
174 5574 2305 8166 4740 825 2423 3987 433 1226 7500 286 2003 625 1149 6613
491 8108 7805 2652 1436 6093 4707 1111 6694 5427 2210 4507 4870
78 2367 2557 5920 5276 9407 1830 8234 3716 6064 6453 8533 7987 5219 3032 935
430 1683 111 5674 5348 3203 411 6171 2552 4249 8624 5818 7726 1573 229 2892 1774
485 7233 5924 3301 3126 5378 3778 5018 1292
25 7311 6037 5237 4349 5133 2527 7278 588 2737 2969 3723 5885
421 1339 9288 6928 1872 1015 630 3857 6342 4560 8723 7684 1348 7699 5412
42 12 9298 2091 7302 1610 8238 7952 2456 1439 2559 1663 9254 9933
49 8616 8207 7633 2294 2308 7005 8492 3121 2516 9384 6995 8836 6842 489 7296
384 3862 9696 7269 2971 8778 5420 5527 2164 6923 9463 4873 2155 8293 2288
278 9694 5510 4897 2932 5330 57 2168 525 9813 6664 8331 1405 1260 7791 4765 7153
147 1908 4672 8356 4611 4456 4248 1372 3588 4282 3199 3801 3504 8484 5762
311 5844 8161 897 4543 3452 1482 7731 7156 9013 447
206 9634 8165 9419 1489 2151 1517 3557 9864 7496
47 6333 9644 4630 2229 5914 3351 4276 567 5221 7820 2643
222 1806 2801 5022 4001 6805 6958 2268 558 4525 5062 2480
394 7128 5278 3197 5773 6996 2535 2347 1187 5749 5267 921
77 6304 4182 7873 7307 7024 9172 4653 2047 1849 6685 207 7438 5715
228 5498 1564 2405 2656 9762 4529 2104 7197 9113 3356 2650 4317
65 5497 350 5950 8336 2817 5336 1157 5290 8585 5044 6112 4496 6666 3602
242 627 4243 7824 765 2840 3966 9729 842 3173 3989 6472 3882
307 1675 9186 6571 6868 1390 3577 5652 6602 6897 3731 7314 3623 7026 199
115 5561 1114 5658 5261 8399 3913 1983 2841 951
476 2674 684 3179 8550 9722 8739 8288 2925 9656 820 9704 7055
218 1913 8988 5392 7385 9372 5557 7945 714 6247 2318 367
237 5435 7177 9670 6663 5889 1038 6225 2842 5720 6210 550 6075 8386 3665 9822 1986 8722
419 2995 3041 9469 1166 6821 3051 3611 3055 4907 2768
21 5640 251 4057 526 2961 2333 5608 8454 4708 8287 3923 8027 2679 8644
179 3992 8803 5186 3297 6781 6510 3337 6759 6587 7628 3329 6945 6067
283 3995 9941 1371 9229 7251 9572 6337 6604 7486 2
444 1700 9274 9846 8575 2530 3265 1997 3202 9202 9914 4420 2600
413 7727 6907 481 480 2188 8542 537 136 1694 2433 4664
76 3881 1660 7655 2400 6993 4429 4443 5263 8076 2212 6161
231 375 1095 503 713 9845 3729 1067 3467 6619 6617 314 6727 9409
399 3442 9016 471 9256 6577 2722 7353 658 8070 6570 254 3276 2790
252 3689 7052 7906 6328 48 1402 9711 5839 3946 3059 6636 9719 3468 183
185 8483 4761 6357 7242 3713 2567 8353 7938 7179 8069
286 4588 7344 2602 5265 1028 1308 3448 3361 6100 4985
2 9082 4122 2890 4600 2751 4935 1150 1703 6413 7659 3784 2114
296 4511 86 9857 3115 5327 6557 6119 2906 1639 8044 7036
365 5805 8560 4686 2032 15 6157 6629 3100 3969 8346 5992
64 905 5145 3128 5552 6857 9661 9585 3911 2357 6248 4433 110
134 8308 2639 4702 265 576 4146 5554 9253 4620 8702 3176 3726 4958
46 5625 9096 6158 4583 8020 4369 2655 6748 9214 7369 3827 9302 8345 9470 7219
327 29 7551 9691 8385 5912 4454 1563 2364 4191 8686 5052 551 1560
40 3613 1592 2664 666 7033 1378 1520 6186 4325 5548 8450 2972
326 1991 758 2351 7019 3735 8772 1635 5905 6014 1752
7 8847 8458 4814 6655 9088 1027 23 9638 7653 271 5572 1117
420 7343 6371 5364 5041 9052 6595 1666 2695 7146 3703 6889
229 1626 8629 9236 175 6752 7338 5266 5958 1363 1718 8557 1852 1145
178 8697 8370 8195 68 5410 747 9782 5803 1686 2275 1868 847
309 9643 7211 5385 53 1301 4408 1052 3389 2450 6931 108 6134
239 3422 6007 1814 287 8625 1029 3378 5595 5418 2095
197 5671 8707 3565 7100 7478 9921 4500 4770 2536 7226 2422 7240
54 5470 1165 9315 6834 9439 9067 3446 6719 8493 7648 8269
5 8972 7310 7942 7839 1613 3979 3768 9487 662 6040 6024 8304 1731
8 2514 8559 8590 621 8852 1726 3548 9586 8930 695 3756
377 2959 9966 7506 7620 9290 2197 4758 6459 5240 8826 6226
13 8865 917 3519 2140 2715 4061 2390 846 8605 9609 8670
105 7382 655 9345 5101 9438 5578 5532 125 6109 5566 8685
323 6569 8505 7043 6828 2854 8422 8175 6825 3839 4214
331 6888 7552 2049 5792 7306 7215 5305 5529 5631 9650 9579
317 8546 9257 9181 8270 2948 2343 3436 4041 8178 4780 1496
459 2361 1547 255 5685 3849 5238 1903 2147 3514 1130 5454 8223
472 1883 4344 9752 1347 1239 9222 7914 9589 2113
152 4421 9668 4875 4705 7865 9739 7069 4477 8383 8968 7432 279 5251 2264
440 6971 1768 3619 7407 8902 4397 2271 2102 1528 5662 5149
122 341 3692 9379 5354 3402 9820 5169 1163 4717 6576 2681
321 7308 9571 4693 2716 5308 769 3747 5256 7110 9850 3539
486 3168 9886 9226 4961 9460 5956 1748 9720 9458 3493 9159 640
11 4982 2178 4706 9112 6929 126 944 992 968 676 9192 5194 860
85 4495 5664 1803 1915 7265 4447 2749 6639 1794 1209 6554
227 5036 2289 2998 7159 7986 8444 626 4485 8488 6473 3304
460 3824 8035 736 9983 9284 3250 7533 6968 6241 7641 1736
357 2913 6568 6813 9210 5913 3601 9610 5682 1032 1129
269 7213 9471 4147 1284 9910 7866 5840 4841 8153 6355 6418 4787
56 4807 1170 3754 1336 805 1019 4990 4409 1003 6730 4806 9077 8528
153 4519 6176 3500 9686 7590 8673 8745 5727 9511 8532 340 3012 3074
215 9220 5537 7035 8659 4019 1860 6700 7245 6680 3095 670 6855
298 7089 4820 1776 8160 5069 51 9231 1344 7176 6213 3506 3752 1871
107 9291 3231 2222 322 8191 5577 3364 4240 83 3488 6605 1259 2670
161 5568 9382 2985 5524 3439 123 2038 9116 4266 3195 5986 937
244 4047 1037 7051 5811 5011 6228 3671 3174 6788 1463 8028
106 7318 7913 692 7969 8305 8279 1645 7836 870 8148 4045 5583 2589 3006
251 6180 2772 2599 1880 8774 7381 7571 5827 1470 9623 5483
166 1522 5508 8309 2453 1487 7959 2217 779 3069 9654 6487
92 14 8047 4681 6325 915 6582 8179 334 5372 9838 3498 9008
71 8033 4030 8226 4934 6297 7516 6745 9621 861 2322
72 5926 7705 6940 9128 3421 5035 3060 4504 4126 2485 3533
400 4594 3722 6830 4261 1364 3403 5702 3927 4796 5782 605 1389 4684 4439 2699
433 5382 5300 7658 4831 195 6363 8660 5751 3675 8857 1760 9036
487 466 1606 1798 3299 7631 7721 2377 7027 9915 3398 744 6919 261 32 5710 1524 420
124 3534 2659 5567 7458 9504 5717 7079 1586 9753 8952 7480 1247
310 6646 1727 7399 2257 4135 8750 6194 43 5349 208 3004 1984
303 6379 507 5816 201 5558 4138 2609 9377 5769 6768 3835
429 5707 72 6255 3237 6493 3122 5587 7558 7665 9405 1272 6651 4437
52 4683 6963 7666 612 7493 5405 682 4082 5277
353 445 9557 2023 2553 237 6155 6866 5082 9361
374 5202 2823 2684 8645 1341 1212 9101 9860 3949 2002 5902
356 2111 572 7170 226 7453 7288 8547 5329 3400 9380 4320
470 5009 6983 3211 5712 9309 3592 5316 2263 9938 8753 2745 6909 1354 5614 1370 3707
272 5877 6386 5264 1695 3677 2545 8893 3030 7092 2776 3310 8813 2537
386 5834 2928 6410 4005 545 7127 4604 8263 7678 7209 4440 3616 560 8887 3043 4442 5445 6258
359 2186 3134 2181 7530 4237 171 5725 5757 5074 2136 650
273 657 2447 3420 7334 1583 2621 6573 5419 971 7547 8973 6986 5848
150 6500 8903 9544 8071 5283 1838 852 3820 2342 498 8136 2165 9169 4619 3103 9301 6021
276 7263 5463 3555 9521 6806 8254 119 5514 9790 5683 397 2533
89 2018 6502 9804 1614 1938 4097 8073 5513 7207 7943 6178 5401
157 6606 953 9611 190 2510 8052 7632 4472 7536 3952 5796 955
478 3413 1993 7608 564 9776 8581 7935 4265 4336 9605 1329 6999
264 5952 1349 1087 532 7377 4285 1248 653 5930 1680 8418 3553
318 2126 9796 160 5259 3765 6718 5551 5506 866
335 9726 3971 1340 7271 3464 4150 8941 2242 6511 2292 1079
378 4993 3150 7130 500 3387 9928 2946 1024 2143 8078
16 9584 3645 609 9764 9703 8674 6607 8626 624 5058 6390 5064
199 8598 1514 603 7109 4729 4077 9590 2435 1698 3116 5193 2666
301 1192 2919 5241 4067 6207 4815 3453 1473 1333 2452 3641 9543 4916
1 4430 6933 6349 2758 9333 8006 9455 2997 7323 9075
201 6892 488 348 319 2093 7348 1053 7030 306 8433
263 40 7205 9401 8876 6853 4541 2406 1385 3230 3612 7647 335 9098 3976 6765 3363 3673 8307
111 6426 3522 3054 2048 7442 2291 8097 3988 8177 7452 164 3081 7419 5053 5437
177 4863 6520 5285 4502 4351 9074 6556 1594 4586 2058 4824 8130 5340
9 3423 8511 6103 9981 8013 587 2592 8839 5503 8431
497 153 8419 3449 5918 9770 4942 6818 6398 2861 5122 5386 843 9004 4035
360 8093 4902 2258 8296 8032 501 9306 282 6870 1515 583 7429
469 685 2934 7428 6616 4049 8682 6463 6581 2276 5150 8343 3885 2704
102 3287 9949 6563 5541 4607 4366 4774 1415 6245 3111 6584
4 8464 3563 2326 6311 3479 4192 1320 5744 7918 2853 5657 774 8908 5097 7997
294 792 9312 8411 8915 7878 8783 5651 1575 5334 1797 9712 876 4660 9903
295 1684 5431 6289 5955 7796 1587 2256 9520 211 5716 2199 2863 2407
482 5391 5967 2658 5464 5242 2251 5393 1892 7518 7198 541 5099
62 6831 4209 7909 451 2757 5388 1135 9073 1366 7144 377 5214 952 6608
415 4867 7398 8281 6279 5669 6948
33 270 9701 5868 98 7231 7522 8155 7639 9698 456 5402 9555 2943
247 5297 6552 3920 6641 3486 1600 6786 2915 585 8457 96 3837
261 103 2381 172 4972 7362 8966 1064 6185 144 9311 2346 925
35 3388 2637 3167 8291 957 2821 9939 8041 1941
101 4943 4858 5709 8083 7257 1119 1501 7565 5971 1978 8405 4184 7126 5397 7456
216 4028 2688 9812 7249 1431 3494 8996 4555 130 1430
24 4851 6031 4775 6113 7011 7250 497 6872 737 1833
165 6985 4393 9200 3832 6633 5057 7819 5739 242 4145 9137 6467
155 3646 7466 7390 2054 7947 3536 3293 4342 7769
349 5994 8368 1086 9046 4181 6085 5875 1291 2784 408 4977 2260
382 9408 1495 5800 2864 5417 8163 3005 6599 9402 7706 3058 4562 4238 9014
408 236 5471 6723 8927 5179 3324 4330 5216 5785 9646 5837 1452 2183
61 2493 1771 4888 9618 2568 6507 7598 1735 4175 6249 7352 8922
367 8441 4212 5246 4324 7697 3986 3309 2843 4011 3119 9627 4913 7502 4100
381 7603 3559 218 2465 5753 6332 274 6481 9748 1807 8552 9947 9273 4400
26 936 8779 3897 181 289 9308 4250 6138 3186 2109 221
379 4896 9861 7222 8834 1127 759 2594 5146 9616 1863 3094 5966 4034
188 9104 3780 2185 3919 2226 386 2020 258 9528
354 2431 7974 1045 7560 5343 2698 2807 600 6389 4666 3704 3130 3417 4024 9931
219 720 6145 4373 4608 9666 4418 6147 4548 4890 4060 4065 7808 8037 3284 1241 9374
302 4130 3473 7491 3474 7960 6973 7038 3505 4445 4992 1168 9709 742
437 8668 2587 7682 417 1423 1649 2700 716 1943 6707 5032 5095 4760 3870
29 95 4669 5416 3215 2418 1701 1732 8558 8529 6209 5821
139 6278 1411 3022 8463 113 6644 8969 2021 5173 782 3212 3935 5775
126 230 2956 4597 8661 8945 8080 3048 4790 6891 6 1071 4898 7183
299 5439 9087 8256 141 1844 2234 2159 6254 7112 315 677 2673 5063
363 2862 2046 2573 7047 8139 4160 2794 5957 1035 6125 5996
325 3617 7978 6785 9942 4128 6230 845 3628 3314 5799 2660 9795 3841 5849 6737
358 291 5823 3591 5252 7148 7783 6395 6618 9451 4004
489 5037 4490 2989 4771 890 4996 3131 1947 7439
109 7239 3589 4486 8297 1742 6589 7376 9297 3428 916 7733 3528 6030
474 8577 320 7447 2558 1643 1074 7550 4166 5704 5180 9109 3113
187 7760 8378 9904 8648 5623 5637 169 1827 891 6477 1281 1889
376 8777 9980 3759 7685 1951 252 8918 7577 5734 1081
407 5247 9792 6908 2507 9146 1918 5675 2492 2374 5065
28 9516 4840 2566 426 8502 6883 7559 8040 1630 3821 9005
133 7471 886 7435 9497 5231 7581 5204 4476 8295 4606 4948
315 4478 2306 1334 5512 2153 421 2040 8967 5730 2576 4450
344 6260 4734 3208 2191 3733 1155 7034 6436 6380 2122 5815 6305
403 1935 9987 8 6531 2669 632 3603 6083 4333 644 7143 5735 527
66 4338 3483 5374 4927 170 7322 461 5622 1538
156 8801 5534 6935 5001 6994 8221 1303 8499 1509 6151 1999 3079 4043 9244
320 2968 5355 3627 6710 9034 5481 7264 9745 8818 4203 2134 9443
431 9093 206 4103 6300 5780 91 2028 7401 3516 4118 8995 4348 4341 205
352 7695 232 5602 2521 2706 2834 9771 2148 3470 8949 6015 5589
98 293 5729 1177 366 4109 5380 8273 5575 4786
253 7230 9873 4578 8445 7388 8775 6452 4099 8724 535 4136 446
277 124 7235 401 5644 6840 1869 3216 2129 8138 1963 9598 8189 8498
473 4404 1151 2931 5900 9715 538 8619 1096 985 7147
322 8460 3469 4094 8964 3185 1089 4837 2130 3990 6490 4805 5400 4070
409 7757 3809 4538 9927 1582 1629 5943 7049 7433 7922
422 4370 6079 9071 5480 2445 8639 2464 4039 9418 7531 7313
423 9811 5148 5770 3028 2296 7528 9103 1809 330 798 3226 5457
173 2402 2627 6319 4781 6839 7378 5750 6350 2978
350 2449 7856 1576 5740 6937 2975 3159 8692 3106 8596 7971 3457 4234 9011 6801 8470 7 148 4252 5748 979 8994 7949 8387
385 9061 2015 8606 4309 6774 6427 8864 1603 8237 9238 3232 8193
496 7654 9534 3097 2173 3149 8382 5130 8325 2267 2388 6537
144 6090 6843 5693 3201 4411 7393 2752 518 9537 1229 896 7312 1780 6939 3476 7133
212 8244 2531 2329 5395 204 8227 8525 7142 7743 7519 2983 7434 8150 3163 1534
481 9682 378 1113 2360 2034 874 150 3196 309 2401 1550 6060 8920 4107
306 2027 9246 9018 1234 6183 844 4434 5321 3227 6153
169 4111 6265 6407 5830 1654 2436 25 9476 2399 3409 9518
48 7972 8851 1841 571 2725 6233 6760 8151 224 6238 7274 8934 2244 9757 6672
464 2539 7174 7983 7463 1205 2894 4981 8752 5935 3595 9490 6054
94 4414 3647 5468 4663 3063 1102 8989 2203 1637 7532 468 9775 569
348 4095 165 8435 1796 1040 2778 6896 8176 1183 3225 3109 3281 5292 4921 8429 3044 3371
202 3279 5999 6086 5093 9228 8453 5790 6002 3264 7933 5921 477 3783
241 1926 2473 8197 2941 1874 1757 2448 767 9216 8351 5636 2954 1835 511 3104
402 1094 448 3221 5324 5254 7784 9211 4817 5938 898 9089
143 4002 5945 9515 5153 6483 2804 2194 4842 512 661 4084 1493 1981 7845 7012
448 2788 1825 7427 1002 7877 1016 4498 8423 2319 5993 355 1343 3521
110 3512 4329 7708 1425 3803 8088 9039 158 8448 3164 8849 1500
230 1461 4844 8549 4179 4422 133 5633 2097 9264 5262 1406 4037 2426 3683 7204 3490 6920
332 6926 6989 796 8079 6600 4938 5509 1574 5426 1572 2094 8618 9979 3291 726
314 5291 6318 5540 4054 5078 1080 6709 7448 6142 8230 1050
330 8642 6673 5172 5328 5358 6346 7936 1433 3358 2239 930 2564 2518 1685 188 1246
87 5806 7884 835 3224 2940 6654 365 3092 7175 2702 6631 1216
438 6055 3278 5249 8430 3466 7703 4051 836 9090 2391 2661 7725 8812
425 923 38 6051 3829 766 6179 3600 7309 756 6712
149 9514 6966 6925 8879 3152 6394 4066 6979 5442 2895 1494 2209 105
466 7718 5404 8030 4823 3454 6901 4891 3714 3524 7792 5991 9688 3146
494 8437 2474 7091 6720 4453 9889 6952 8517 3332 2647 8614 4501
328 6027 8681 9020 5421 9237 2083 3567 3994 7040 3734 7210 656 6285 7919
75 8873 9304 7196 4274 841 830 8536 4650 1083
432 1173 7327 2736 4633 7816 3917 2120 2443 6140 2867 6231 4033
113 6374 8762 2734 3154 9059 6448 1787 8301 2172 5858 4616 2884
499 1075 7460 5369 7461 1896 895 3876 7417 7662 5536 75 200 9465
41 4656 7305 3105 2918 6784 1609 5867 9783 6733 1186 3507
164 66 1270 9629 3550 4908 5690 425 4737 5759 7851 2980 5703 7289 3158
154 5959 67 5998 6001 573 494 7524 9278 9370 1916 9723 6274 3136 638 6547
287 4158 398 176 3655 8531 8904 5746 4554 4723 1306 5124 9566 3578 1942 8068
225 5191 9009 2221 1906 3357 4200 6625
405 2119 1832 6107 4178 6290 7537 7282 9841 6476 7389 9410
193 5745 6392 3939 142 3108 4098 2273 5438 9969 8638
50 5676 7799 4721 9524 5523 6177 9503 1988 5606 2614
204 1618 960 5323 743 9513 1714 7007 1098 8867 8271 122 863 6836
404 7868 1585 2680 9506 7980 7356 5711 3638 6987 5883 8603 9205 3964
372 6546 8617 778 3878 8455 4564 5016 6381 1927 6320 6903 8054
208 2045 9472 9746 7686 6878 7772 107 6375 41 654 5448
182 5628 6943 4012 7785 7667 328 3140 8236 7248 3607 3541
210 3205 5549 1235 5258 6741 6052 6144 9489 3013 4269 2412 276 1504 7044
136 5469 931 801 6906 8449 5298 8672 7661 6739 3520
183 9984 1160 2332 8917 4403 2142 6169 313 432 9911 22
32 7543 978 9239 5619 1000 4198 9341 2311 8017 2438 596 1139
275 2605 4802 2672 9125 1754 5897 1174 6401 5632 9182 225 1251 8962 5964 9107
280 8984 4966 4778 1808 8568 3315 2546 7098 2017 7018 5229 5198 4628
205 9336 8059 5027 8515 8082 3678 7227 2272 7293 3272 705
186 3658 9417 3568 1532 4894 3477 3375 1393 8285 6603
336 7214 4144 100 5407 7825 810 3340 7254 1894 3606 912
342 5160 606 6384 1856 6354 7776 191 8317 888 7664 3064 7234 9600 2910 6899 238
214 6879 7140 3769 2174 7277 3686 8743 1605 9674 2146 8396
51 4372 4712 8371 3286 2924 3461 2225 8147 1407 4277 4380 2026 1121
81 8676 9971 6947 6623 3219 4951 7124 1319 9153 6838 5841 4123 8884 4162 6812 6797 9349 1134
271 3492 9978 4246 542 8098 4187 6340 3353 2274
131 2115 6714 4297 2816 9079 8567 2888 3674 9975 8829
259 2063 5975 7273 4368 6561 8397 36 7737
401 9416 6659 9261 117 1507 5609 6485 6264 297 1745 6861 8252 2029 3210 6530 5948 4340 1383 9299 4326
338 2973 9360 3037 8655 7801 3891 2935 8294 6884 90
498 7225 1758 750 5733 3842 247 853 4465 3526
468 7485 7304 1644 3047 4101 570 2468 2775 2279 7694 9926 7526 3425 2693 6306
305 1544 6098 7373 9149 2362 4363 6420 4856 9042 5995 7072
341 9070 6674 7315 7689 8114 5282 929 7501 5985 3799 4154 9551 5997
427 4799 1634 3993 1907 5686 1622 4096 975 7418 5268 155
171 2677 2665 73 1082 6165 4361 1995 3410 7284 9912 4528 9464 5899
293 2789 3162 5488 9541 3912 9640 2205 1642 8388 7946 2454 6298 8797
257 4605 1374 4976 9867 3763 6364 6351 5531 8496 6220 2797 973 385
435 7326 2519 2076 7228 6004 159 9475 8417 2657 3795
88 7470 1437 6372 8958 5661 9992 4488 2162 2675 6295 5940 8986 9138 8134
233 7951 2610 811 1590 4881 7368 6542 8980 9367 1904 8601 3380 738 1140 139 8491
256 1713 2117 5106 1839 5023 3169 5185 9041 1799 7391 6501 9452 1412 7178 8174 3254 135
91 909 2073 8215 3139 6803 5296 6461 6139 4319 3319 4313 4801
176 7022 7115 4601 3312 219 9307 1315 4157 5085 3177 642 1948 4343 475 4021
180 6432 9721 94 8630 2238 4172 1481 4573 5344 3635 8019 6491
184 1288 8749 2236 1783 3693 634 2960 8872 712 1476
114 8871 8096 3977 6118 8901 1842 74 9632 6192 7048 9952 3942 4558
15 6081 3034 2534 6755 4882 6560 6726 2691 5166 5271 1358
243 31 1444 6951 7392 1924 3807 5613 6497 214 9937 8858 4886
93 2838 9500 1475 1653 344 878 4518 19 3451 7756
292 1725 5206 4751 7441 3321 419 3766 9961 9314 2858 9139 259
226 3968 9728 8764 4202 829 4915 5813 8586 4441 2897 9582 61 2314 6549
117 1158 1362 7520 8045 3787 6782 6649 438 557
234 2845 9250 2157 6038 4231 1479 2331 5505 9509
340 3368 210 8401 6450 7681 862 3404 4482 7574 6927 4293 5245 6895
82 3266 5319 7680 8622 7862 77 4010 8562 2265 2457 3318 4803 2190 9003 1625 7902 9615
190 4360 6208 3068 7081 4481 2455 3302 6893 7965 3243 1934 7751 3023 6049
346 2765 548 5882 6244 9390 8553 9499 4899 6494 1994 2158 7413
463 2219 8576 3067 9123 2785 4185 1093 1743
20 9492 2286 5293 6120 2334 3657 856 9249 4506 298 5895 2074
304 6527 231 9081 8607 2068 3246
351 8504 7365 6405 1705 7138 333 203 8889 884 9217 97 4345 3220 7410
135 913 4846 5158 1987 2201 2084 873 9831 2813 7328 4378
490 6683 3510 4609 4955 616 4455 5091 1073 114 8486 5760 2887 2327 7709
281 9184 197 4522 9882 1664 7925 7994 7822 8124 3408 7180 5326 8716
418 9019 7578 2313 5394 6791 5502 7436 2541 824 5771 6544 443 3377
235 894 8578 9280 9025 3770 1719 2649 1269 381 1770 7216 4299 8696
181 3953 9000 9641 93 8196 6506 8415 6111 5555 4728 1429
45 5518 3957 9275 1545 948 6324 8077 1905 5109 506 9787 7023
373 7119 9170 4392 7010 8611 8393 2392 5660 1492 9356 5155 6778
14 6308 8115 2952 1099 8473 4062 7700 5795 7336 9918 6301 1066
73 7830 3187 7546 8347 995 1324 8767
191 3915 2830 5870 5389 8898 8683 9635 7773 1589 8003 8687 8443 2979
112 3367 4696 4514 1368 7657 215 8250 6393 4636 6601 3292 4310 5884 7806
168 409 9718 6480 9054 735 7802 6182 3817 9866 2612 1542 7243 7200
383 3450 4186 5939 5127 3003 6936 1720 9006 89 6758
355 8379 7553 5103 3062 4736 3562 7160 4576 1221 7538 7605 2633 9404
268 4509 6457 6088 6117 5147 5301 8621 8677 5235 991 2019
446 6439 4025 2563 762 8322 4847 3785 809 6539 9761 1674 6695 7481
158 7155 1558 2735 4749 6637 1960 2584 2732 6449 8991 1864 883 5157
121 3571 9612 3383 3016 5433 2490 8527 7788 4910 4944 8245 514 4865 1471 6538
129 6411 9183 7292 5629 6388 9530 681 8761 4113 4079
55 9462 3496 559 1846 3397 4267 9359 687 5747 7867 933 4836 8091 4701 6738 2198 4362 9197
456 9035 2671 2434 1376 6106 3416 7847 1169 5893 3188
221 5411 277 4217 1014 3929 599 5654 7619 5287 977 3320
442 6273 194 1878 919 7287 8398 4357 9773 6914 4286
391 964 9180 9693 7076 390 3260 1804 3682 6188 9800
441 6437 2484 5337 3656 1408 342 9094 5424 1345 8929 3815 4354
198 9967 5134 7061 7002 1972 6174 3813 7169 6578 7192 7514 6592 3395
254 9774 6632 2868 6035 4999 1870 8602 608 1109 5758
145 2299 7152 5535 4220 797 285 7014 9495 939 9285 2982 2444
207 1255 1084 4703 6575 9208 5592 4552 8744 5597 6116 7837 9219
132 4016 789 4643 6627 8170 1204 216 5988 5961 2336 5443 8768
203 8537 3934 4142 9710 3217 2712 8009 5576 4264 1562
347 9232 7915 1106 2878 8152 2007 4598 9606 7691 7291 7423 7579
406 2953 3347 2743 1022 45 6373 3288 6234
366 6579 8821 674 7779 4159 5659 6201 3822 2548 478 373 2014 5737 4356
128 2498 1275 7319 7181 6217 2371 6533 8414 6236 4641 5339
44 8746 9429 2385 6224 6339 4933 3437 1420 267 8248
270 4750 7793 5890 7535 4396 6006 5232 137 1459 356 2325
411 509 2011 3406 8389 962 9756
141 6205 8066 9102 7829 8675 9024 6809 5624 3463 4415 1491 5846 2307 7162 6611
449 3941 6660 4859 3848 9653 3856 5878 3355 5026 1332 2753 404 9990
240 547 8771 3580 1881 7644 1620 4610 1853 7489 6270 9545
451 9223 2365 1265 1933 2819 2701 4086 3650 8107 5672 3744 761
436 9076 2977 2590 2990 3341 5162 8573 7341 9801 1708 6056 9777 3830
255 6455 7357 2756 3711 6732 3743 6849 2123 345 382 1025
416 8740 2067 6701 5789 5809 1012 5205 1367 2285 7350 8787
455 8024 7371 9561 486 1646 6517 8718 9624 5530 4314
18 351 2763 4744 7745 5075 6108 9766 9737 7405 457
67 4339 9797 9651 1483 2044 1357 4960 9467
389 7166 3021 7360 7584 1513 5077 281 4766 1584 2376 1097 7029
125 5647 2081 7832 7539 2488 6010 294 5972 5318 6528
390 5302 9450 7490 9446 235 3761 4687 5137 9474 3814 9892 690
267 1054 3625 8100 3270 4479 8736 490 7912 6917 9163
36 4383 6703 7437 2378 5579 7194 118 4527
434 4075 2848 416 8554 284 3147 6696 1602 8564 678 2901 2269 6676
428 1990 635 6555 6679 2012 9085 8811 3622 5533 3699 760
250 3955 2133 7637 9876 8065 2170 1013 5594 3255 5851 4953 4402 709
217 5004 6484 7416 5596 4230 5515 1144 580 2451 5104 746 757 1552 9842 1979
140 9593 3775 5853 131 3717 5002 6468 2687 2243 2320 9663 10
86 773 7258 578 6440 2733 3590 3362 2380 1490 2575 9493 865 329 4129
151 388 9334 1271 1033 3791 2572 6315 6598 2810 5143
461 5944 3191 2419 5832 8587 78 3020 4739 3828 1116 8990 4494
392 7928 3922 80 9289 1377 13 9037 4090 7354 453 3818 1670
84 3873 6293 8788 1837 7107 4762 5681 2078 9943 4567 872 5304
96 1540 5706 9411 5436 8381 4732 3831 7116 4484 8173 3251 2781 6962 1710 116
22 5590 4838 2394 8689 594 3086 3407 2724 4697 4081
395 9885 6429 4671 4294 5225 7576 6160 5820 146 9664 2920 7599 9898
3 6434 2216 3396 2218 2282 7564 7498 651 8669 9869 6949
137 3082 7778 5422 5138 3354 2993 697 5873 5387 7889 7831 7985 5981 513 4117 5141
99 7887 5281 9118 6016 6159 3890 1982 802
262 536 4674 1917 3091 864 7086 3721 1318 3015 9887 8894 8145 1401
123 3991 1056 9626 7073 217 9454 5184 7911 7955 9522 6817
339 192 4467 4131 3455 6681 7609 9437 7096 8556 6469 1932
130 5357 1462 5452 2717 2471 6441 8335 2877 3811 8965 6360
238 1359 1159 8249 2429 310 4316 5698 5828 9099 9539 8947 5413 8212 4901 6771
397 8057 4032 7136 9326 5325 7067 2106 1795 2125 1453 3125
31 7121 9736 34 9108 470 3998 2297 4789 1549
213 9479 3135 9657 2855 2066 8888 9491 2900 5182 4848 6445 9145 3508 6499 7172 3875 4055 2818 4352 5341 9848
194 3245 3570 6515 7443 70 9667 1063 3523 8974 7163
59 4614 1724 8970 9473 3200 5563 7394 6876 3296 8375
162 469 4290 6206 6521 7908 5144 8034 7898 7372
312 8424 568 3339 3078 704 6512 4623 8247 1092 946 5060 8406
79 5915 6687 9449 5925 3418 788 7999 2826 2912 840 6011
313 8200 7351 7386 8199 4621 3970 3343 4692 8748 4895 8074 4521 7964 2383 325 1299
195 2348 3294 6114 6794 1330 2184 1193 733 7967 3884 2767 647 4639
410 9985 7275 6489 8447 5128 4050 6628 3546 5768 5446 1058
10 4053 3038 3426 8708 6227 1667 5517 649 8469 5639 2726 1375
108 5611 4281 3975 8026 8693 4536 3587 2641 6288 6522 8844 1571
192 1474 2290 2090 4149 9779 8914 1937 7859 8042 574
495 3257 9207 6218 7006 326 8770 9900 1531 7403 4809 5269 1741 6875
69 7768 6974 855 4862 6858 6757 476
266 3725 1764 129 3544 9997 799 8597 6614 2057 9213 4912
364 2386 2425 1243 6540 8579 4940 6523 4748 3860 2416 1464 3651 3750 4526
220 4559 8303 3175 1973 8976 7113 2585 6590 3666 9510
175 5977 3551 6612 9033 2497 9560 5569 5598 851 6615 9733
282 1321 6383 8620 2694 3695 9909 2874 3569 2773
249 7663 1902 1026 6309 6399 9358 6519 9519 5743 3610 3207 8005
142 4547 9587 59 324 5908 5309 5976 8589 2415 9135 7764 5605 2439
120 2253 6645 5195 4722 4877 1516 7963 1175 4928
148 2999 623 7397 6091 505 2061 9872 4201 9100
329 8819 9022 9436 3491 8432 6835 4571 6204 2719 9091 1469 5826
483 8404 4412 6740 5705 7723 7797 1909 934
316 7009 1901 9310 3014 8497 5465 4003 6796 6048 8350 372 6652
393 2950 5812 7563 6715 4315 8334 5086 3687 5904 6131 220
345 8438 2829 1268 2086 1278 4300 748 1337 4925 2771 7191
6 8730 4040 7750 1036 8710 392 5135 166 3482 8975 9829 6922
396 5227 3959 7003 7346 7573 9816 3786 8569 4574 8636 6406 6503
43 4545 3596 5208 9906 7671 601 7299 8997 2440 6559 2635 3552 8146
248 3129 7359 1912 7958 1789 9387 8319 6708 4952 9613 4497 5286
388 9893 7623 9660 7444 3910 1417 8501 8725 5040 8733 7199
103 2245 7916 8956 4963 806 6562 5079 577 400 8487
447 3938 256 5346 2885 9482 2421 9166 3654 44 9050
17 2520 3382 5154 9986 3554 2869 290 1285 9209
167 9442 1662 368 3429 1394 6498 7885 5876 9950 9891 9106 9268 9259 834
100 1975 428 2118 6259 4602 9162 7208 7218 3027 1277 6061
159 8039 7475 2354 9974 491 9662 7673
417 8312 938 5110 9174 9592 8946 4303 8126 2495 967 3773 8880
324 5415 316 9965 5754 6820 615 5181 4727 818 62
369 5603 3234 9658 2731 6516 1426 5118 5367 1178 4121 3574 1611
361 5197 3680 8036 2846 858 7097 1472 5255 7217 5910 1199 6047 4553 5655
426 6422 6133 4631 4700 6725 4382 837 6321 5092 9141 3052
34 6596 5667 3805 3145 8216 3056 1249 1381 5167 5663 2865 2578 2060 1256 6196
371 5539 5335 8809 6263 6640 9432 6096 2193 2549 2166 1133 8766 8015 6403
74 7853 5320 1062 4861 3888 9824 1761
477 7512 9459 3009 7741 9567 6336 6045 5520 2039 8117 3840 1206
127 7656 2839 9768 5428 2623 871 8741 1286 7649 1441 5132 6376
375 4950 6211 1595 2080 4284 5120 8943 2330 8715 3664 691 554 5546 523
97 4617 7286 562 5874 7766 604 3701 2710 2760
452 6704 8545 3738 5139 2793 7594 3672 5898
104 7593 3344 2092 2586 9119 1414 4905 3649 6814 7786 55 7108
334 4292 3644 2087 8128 5635 2051 4386 7366 9376 1925 2774
60 2215 1146 2644 2729 7613 6348 8866 590 422 460 8267 2696
414 8467 3662 2110 1455 3346 5459 9420 7411 4546 8758 2368 9604
90 7763 1608 3850 4018 3338 2653 6173 6005 8186 6800
118 4936 3916 5347 9320 3440 7060 8572 8201 1729 5909 8896
163 1005 9687 6023 8482 7300 4416 9835 6446 7758 794
119 6368 9331 2472 7601 4880 64 343 6688 5161 4218 3700
27 7106 1450 8658 1569 1800 5927 8468 336 7503 8595 1884 437
70 3660 3812 8203 1821 1848 2603 2372 8485 3605 301 5584
300 5048 3008 4808 9802 7184 3235 3099 3190 4998 6062 1537 1142
368 4593 2124 1914 9614 2582 6416 5804 1049 6184 5642 9940
484 8824 3391 3883 783 7977 6097 7450 1954 9523 8478 8961 182 9080 4612 2192
288 1115 3414 4031 52 1712 8261 8194 4462 5794
116 1693 3282 1128 591 2075 4689 8164 9362 3165 4474 6269
63 193 970 8142 6535 5835 9558 9743 7058 1230 1850 2685
290 4207 9707 826 6092 5694 9131 6856 6887 8612 7670 2898 7736
279 7294 2502 1819 6529 5593 9142 5236 9167 9295 1523 3427
258 7331 549 5370 6764 7408 6282 1460 6276 6043 7998 7899 3303
12 2283 5833 9844 186 4713 592 8897 9568 7735 1218 3781
457 4720 4652 9110 6965 4279 7223 3311 6291 9347 5752
30 3907 2766 8755 7817 6069 9276 8510 2004 9525 4347 8106
412 2241 2689 9855 2911 1765 9206 1964 6750 7000 6657 7467 5767
458 3945 8016 7510 5475 2945 8916 4629 7875 7715 8856 9086
95 8426 1753 7149 6721 9445 3189 8113 5688 7888 128 8362 2607 5212
232 7083 7843 8137 9716 8942 1122 1316 5396 3289 2411 8841
462 7876 5626 6077 1198 5061 2987 980 8891 3485 9486 5989 5581 5784
223 5243 2145 5891 439 4014 3937 3267 1416 8806 6063 8816 1287
19 3118 2096 2996 8240 1619 1200 5817 3740 1217 984 4423
39 672 4677 1451 9234 9403 3472 9708 6580 3001 30 7333
467 4052 3530 9287 3940 3070 9242 1541 7821 1100 4470 7252
488 1949 2598 9282 4535 7117 6121 9198 6222 3527 7844 6798 1628
445 9251 8909 7897 6863 8206 8720 2404 1762 8600 8923 6099 9026 8800 652
172 7674 3124 1596 2547 6776 2782 8919 1465 3120 4971 6271 4929 3823
196 9165 3330 4792 9017 1302 5697 9648 7063
57 2024 8456 5351 8885 540 5638 1156 9805 8421 1273 9619 5701 8540 8363
245 4812 1172 7492 7375 5931 2228 9329 7137
308 3372 945 7188 6513 1597 4141 7948 6662 3983 2262 4549 132 3307 7634 5384
246 8737 1214 6761 7982 1911 5679 9883 4229 9194
291 4825 2825 5408 9127 1131 6747 1599 1946 4924 5253 552
236 9922 8757 4394 4023 2620 1746 9175 5284
146 3399 5919 646 7008 5814 5761 1672 5473 180 4399
424 4735 4646 8475 8912 2992 6343 5050 5983 561 3223 5199 9565
450 7015 9397 161 2632 8400 8933 3921 8756 2866 6068 3157 2692
370 8868 6804 8425 7675 6253 1893 9923 6585 3996 7896 8332
170 317 1179 143 1777 2511 9364 305 1974 2077 8928
53 7042 3460 6574 6478 3435 1447 7604 5399 8306 1282 3863 5738 9191 4651 6424 7454 3630 2475
343 384 6777 3458 3132 5538 9601 2852 2112 1041 354 7469 5043
333 5165 510 3788 9556 2107 5696 493 6650 7879 8242 3240
475 7767 8144 5822 7290 7541 3352 2309 2923 1535 4017 6597 3328 1657 9645 4626 867
492 396 7395 4073 8171 6789 7059 5714 3401 4638 1499 3634
337 7719 2703 1136 9628 7635 8328 4872 8899 8959 8104
398 2328 7957 8436 7032 7125 9058 6387 2761 2353 3575 9580 3958 5014
80 8646 6874 2812 1655 4448 2540 3925 9793 6990 2420 2010
319 8341 4323 6003 1486 127 3178 680 9337 5070 6330 8428 8814
83 5098 8018 6677 8442 4969 8266 6421 4699 5115 8769 2718 3597 6767 6970 7950 7050
454 698 1335 6514 5863 3808 2786 6104 817 2654 5521 1823 2690
211 8262 7150 6783 9747 869 4 5472 3445 2613
289 8330 2914 262 6242 99 2604 7462 3280 3322 9734
284 7094 997 6686 2883 8780 8275 9858 4752 1887 2581 4659 5239 177
297 4375 4885 9363 8327 7890 8410 2206 4878 6310 5015 6137 2577
68 7917 6012 9124 7676 8326 4379 3777 7004 1533 3000
387 4197 5604 7303 9957 2252 9296 3194 6991 9620 1361 4784 4069 1305
285 4139 9570 711 9263 1955 8255 8742 9340 6190
224 3277 6322 8205 7154 8627 178 4883 4140 4826 9878 7904 8881 6251
37 2379 2835 6136 7860 5700 487 4013 4654 3918 5649 9391 4941
38 2622 5932 1484 1323 5207 5556 6954 2628 3365 725 8373 6326
189 266 9179 8608 9317 1929 138 4089 7696 6779 8936 4080 4903 6053
274 2177 1891 5008 8282 981 6998 2424 959 2645 941 2903 4283
0 5847 1143 8143 4742 473 1857 4291 2907
